75
7369733 2436898 567649 -507125 1750654 8038294 -7668066 5293085 -5505971 6232644 8897237 -1300755 -632324 5227825 5410848 6184121 -4643498 777671 -9615868 -9253386 -9210435 -8261 1524741 -9097249 3195202 5146131 -6443230 -9448808 -3547620 -8320467 -9928218 4406318 2347923 4712178 -6443722 -8370110 -2797683 -1717789 2217791 3750601 90912 5101875 7350316 75562 -5595595 7155067 -142272 3247834 -6369823 7138766 7885027 -9326145 5739380 458970 -5416008 -1125226 -656041 4377726 123949 -6475074 4406629 -1831772 5334143 2065973 5066960 2695868 2138831 3365544 -9791918 4422681 4852559 -1474085 -1789793 3641728 3731664 -8930662 
-6748920 4202674 2107570 9917888 3558582 -694556 5976672 -4041830 -3847855 3758112 1830873 -7739977 -3868012 -3901869 8466771 5634726 6249209 2152277 -2759816 -2251807 -5915949 7666591 7163003 6138500 -5528448 5786737 7304265 6959380 -5056049 9937211 9545930 9035293 -3986007 -9041533 6102822 -128576 -4813774 6974004 2919057 4295427 9761559 7175288 -2672440 -4718318 9625480 -2452722 -1447642 -4166117 -2115282 -2316422 -6661647 1972890 -1451963 8845672 -8893025 922205 -4446555 -1796793 -2750200 6848930 -3508719 -566949 -1973548 -4584734 -4151893 8573680 8317883 -3010942 8209051 -4092330 -1089185 -433520 8680923 -1196596 -1688781 6429076 
61229 -3909605 -7053203 -3087880 7973098 6931336 6552901 5525891 -7093916 -8431171 6730664 -4350007 -561089 616208 2483577 -3186156 6874432 -3558752 1144461 5479773 1277962 -3179505 9106166 -848558 -8485968 2564024 4208718 -1117677 -800605 2508622 1811897 6296806 -8603037 -2217089 -7152861 1190814 -5361295 -4187337 -6791357 -9207554 -7188823 -2510247 2805834 -7872506 -255418 -4886767 -1871000 -2737322 4535258 -5064176 -5548633 -8885360 -3272040 -2399983 1448740 2781958 1364187 7112884 873494 -3221067 -8021356 -3361733 8236823 -1275451 -3896236 7746845 2394161 -5384450 6806577 2958049 -9668290 8182409 -9340735 5294559 2409840 -9651901 
-7929748 6170285 -3528471 -3534769 5739161 -7237662 7559676 -2788566 9251240 -8727706 -416384 2343429 -2523490 8297135 -7186640 4594851 9717999 -5419045 7090914 -8377065 -1100206 9673641 7146895 -1441985 -5626148 -7218667 5083723 -1847082 -5996672 1760264 -3520510 7141224 6028692 -2752547 2179135 -4987882 -8284567 9619814 -7877984 1075232 -23124 1979380 9886289 629758 -3161720 -7538576 510085 1192682 -773872 -4240718 4900663 5062299 -3701044 7639733 -3059128 9826335 -2636489 -8751737 6735928 2104671 9205400 8009240 -3032473 5813247 -7895885 3835319 9699785 -7965519 -3497018 5175525 -8145085 -4722994 -3804711 9125306 -6422837 7246641 
-2580308 1356605 4057109 5256470 -1087754 7682356 -3974014 -8589936 -7653145 -3852162 -3384237 -5992572 -7947094 -6858159 -7800298 1737668 -5916763 -109819 1686169 776830 -5740030 7502254 9350716 5987026 -7223677 -6579327 2812216 -2948297 -5521010 5380144 -882547 7362713 2146391 7393352 7036121 -6214377 -8122378 -2410187 9140011 1761740 -8848187 -7138681 -6101466 -707731 -8751412 2040380 2676860 -6115478 9194059 -6181057 -1451883 3241707 -7723375 -231614 7794519 -5150288 -9503849 6924903 6792111 -372255 -5760346 -8506753 7996513 6572552 4702985 -599802 -7810101 6435709 -4850928 -5299232 -5914238 -8133811 6646923 -1232880 291784 4160021 
4816807 -9535234 -4482048 8475007 4546100 8561229 -8416802 2377405 -3916278 3018764 9220998 -4854678 -6797648 4197601 -4737487 2580191 -2691687 -3230214 5881198 8414450 3223646 -9666149 -9261469 -8479173 3751309 -8320958 4178030 -5257020 -3314500 9725783 -8886248 2206387 -7698566 -6670756 -2815209 -1928845 2311257 7297705 1146654 -6784392 6890081 8420235 4319566 -4071982 -7975053 6347350 7159727 -8850324 1378079 6408355 523178 -5284657 8305185 6268381 -7559394 -9462319 -8801701 -4465877 7999971 -3382800 8864441 8606785 3341741 -9036414 2316119 2450252 1899745 -4218164 -3527350 -971945 -1127080 876066 6665597 -2517002 -3647523 3402993 
-3292409 6360193 -831182 7529772 7718446 2041881 6277846 -2891673 4986863 2023809 8232648 -3415435 6283206 4717890 4624078 5246066 5163807 8612262 -6133602 1325416 -5107020 8893962 -1810682 9952968 4645239 -9273472 -1510954 2350672 -6437390 1319063 -4798697 1576811 8661433 5213863 -9243234 8837083 7416126 -1052668 4439341 -2871417 8083240 -5579077 9218413 -4349528 -5052043 5405783 1778623 3025251 -5496292 5633503 -6099425 -4912366 -2400720 -553065 6959820 -7875188 -2227929 5119244 3914521 -722207 -3662716 9280172 -295399 1185505 4014493 2062404 8114562 6856116 -3356669 -7865988 5127536 -8557802 7457887 -2701598 -5215165 5270124 
-8244022 5048032 1600969 2985795 9674392 7633510 -6086510 1168303 -5402582 -7218857 3849079 190862 5382048 -2625508 9476542 -3406457 -7036041 4584870 3862322 5069746 -7195743 -7154474 2660134 6058382 2278144 3437561 6946205 345208 3746620 7204312 -6457050 7997166 2228062 -3679464 5775048 7011981 4640902 -4332319 9868391 -2194779 7574390 8453601 3539260 9513446 5848356 -7694979 3284795 1852904 4777177 3409968 5180164 6682469 876843 8011664 -4856670 1877767 934707 -9350811 4506168 3167283 -8689082 -9057863 -6429596 -4554890 9854723 -5342872 7594955 -628567 -7700519 3178053 -8743029 -2962119 -3896381 -7983970 -8187034 -1688527 
5129229 -3647139 -3322869 -2697893 -1394530 4831577 3627226 2118941 -6884285 -4576487 -9143005 8187484 -788345 2543312 -8827791 1037589 -9538001 -4004042 -2943163 4903197 -4582833 5615300 2786412 9142506 -2090423 -2020355 6457740 -2077605 -3223163 2328597 5345454 5672022 -2477398 -4113 -8121749 1288014 -1037254 4971044 5047161 7112727 -1076833 7907520 361098 -3642990 5937597 -121458 -9349815 8272850 1647677 -2753455 -1814442 3042468 -9245126 5927792 -2228028 -8930268 -8799939 -1632193 -5157487 818139 -8310424 -5565107 -441589 -553705 8943985 -638238 -7960021 -9517096 3746054 -8613671 5961091 -7201748 9296445 2645348 -408454 -6002908 
5932243 4912538 5779317 2974703 -9168482 -5980775 5834893 -4954974 -6958318 2841261 -6335948 -1986774 -8161112 -6804598 2985717 -1027529 -4383137 -6325427 889501 -9076092 -4580624 -517688 6176636 -6129589 -3385424 9866511 1993713 -2702414 -3258904 -7564013 732909 8985904 -4247966 991282 6571067 6534448 -2588810 -8643790 -1150632 -2592357 1633142 -4525783 3386006 -2734767 -7901739 3014769 -3231181 727709 9644464 -2199044 7447675 -2323990 -2369483 -2713675 8714681 2236884 3979692 -4770841 -1716183 -2897702 1353578 2891637 -115710 7858816 -727005 2246395 -2516277 -8581601 -1876984 -6304118 5508362 1882133 3701119 5576262 -2168733 6222240 
-7588259 3860999 2645623 -1014943 -1248666 -7829870 -5017883 2605275 6306431 -5394575 4436152 5835629 8054848 6399650 -9651371 4687347 2935818 -6305599 -4689585 -8289466 5631573 3322847 5606345 5098657 4182054 -6668165 -8718345 -9269572 4169616 -1070723 -6774387 -6160937 8935157 5304636 -3630533 -8764129 9286995 -9249811 -9804515 -6220659 4092184 8212902 -1534244 8785376 -1865881 9081678 -9721117 7201489 7073526 2274616 7101257 2902199 6770252 9659900 -5299987 -4081510 -5596286 -2739875 5210169 8624316 6021640 -8542645 -7154329 -3201958 8325192 5820301 -6164037 -319880 781841 -728340 -6996154 8020734 5651578 4232102 3399513 -9686305 
-7898313 -2710041 2672579 8958616 -315644 -7845568 9144240 9145392 -4269990 -6982896 -1348542 -4219376 6600278 -2482427 4335252 -4661856 -7533186 -2236726 -5402874 -2401850 -1067721 -5415181 -2470175 -6745294 2754761 -5277377 -4691096 7543360 2618638 -9838610 -3455097 -2242816 -7540189 -4291848 -4026 4184617 3535793 8111089 4146154 -9287573 -2949980 7656677 7438023 1241903 147265 -9484575 -4419264 -268666 -144243 -5628279 8114626 9026638 1907819 5330795 -3487983 -6474790 -8841917 -7987288 -8294313 8021829 9999079 -6800800 -8456261 1888853 -7244573 -3457624 -2329009 9389746 6734608 6872094 2928962 -9812141 -8263858 3899718 -7801641 -9250951 
-3552684 -7462061 -1514537 -2015297 5606701 145624 1168237 -5428032 1422759 9491341 -881357 -8876210 2509703 -1686212 -3063759 5213139 -4094945 5613410 -1578042 -1309497 5025445 5070926 -9568674 1172569 -7893592 -737643 2671923 6202320 5408044 -5359431 2495148 -1659341 7985781 -6560689 -3295400 8449291 7790681 -7067715 -6170396 -1417944 4230663 -6987968 -486580 8245141 -1508784 6442591 9859733 -7248392 -2608813 3224116 -7191651 -4686573 6101672 658312 -4955972 -5693513 -617833 1653825 -8080841 553357 -3979823 -5528505 -963485 5911888 7827088 6764688 -4240174 -9199732 -8104226 261960 4921068 -4278677 312865 -3728256 2344782 -1912146 
1890741 -7201464 1327145 -9825539 -8559631 4774867 -3142456 9530797 8848423 -2884353 9517828 -2230298 -2079298 -2082779 -6165591 2648332 -9474390 4596571 8338586 -4545506 -3521080 -1353704 -4825554 -8365247 -6485836 -6965706 -5979753 -9336043 -4412159 2644366 1610016 9399910 -2243050 -678422 -7561204 -3415615 -6188092 -709682 5387282 4237411 5398976 6232920 -5621186 2663813 -8682812 -8108261 -6011646 -6448362 -5636353 -1135765 796683 7500126 7690447 9473906 -6477811 4054610 4449549 8095838 -365325 5410751 -6483018 840391 3311737 -9774700 -4577937 -298091 -1729253 -4274550 6951203 6436990 4822449 203088 6171911 -318010 -1182906 -4840892 
7574085 1202941 -8830070 4661319 3716875 -4438792 -7861881 620652 -807094 1379292 4832885 -2064621 4948159 6412069 6406282 -7045754 4182292 -7286232 -9878646 -8937263 -4455436 4165920 -6811508 7288494 -4208679 4494172 8202845 5952712 -8122338 -7424599 -9062844 6866896 8171690 -7017474 2088045 -4819501 -877441 -2000611 5820096 -6758081 3317814 3614786 -9510600 4656594 5185016 -2688014 1815855 7279113 2872962 8350986 -5757063 8514471 -6731952 5684160 2102317 7124754 -1783323 -2825094 -7439206 2017528 815000 -1978048 3035182 -6521076 -9868095 -1629137 7165358 -3595210 8380677 7344263 687344 4751354 -3950066 -372890 8519819 -7724373 
4607603 -6223364 -3577379 -326035 -1427414 5500662 -9523268 -6428703 -4319043 515063 7231078 2142561 1998156 7584542 -1918995 -5901142 -8284316 5448116 -6785364 4415874 -9876426 9906826 5552110 3208204 4950822 -7437257 -1269202 3614127 8206775 -3540527 9761435 -2164114 3830824 -385546 -7224866 7094914 1650121 3948647 -8331679 8759865 8758112 1436174 -6906628 -5926771 7258398 -7492275 -5449004 9398027 2482597 7931255 -2595352 -3818818 -4880673 6995934 -7365638 3926909 -8446400 6789281 8954539 -101036 6974601 -5450352 3330913 -7600672 -8818763 4514275 67116 6314963 -4328131 4589547 4749300 173801 -8894481 2370633 3071740 -8767810 
-5698698 -1526506 -517094 6520683 -7912316 -7315987 -1354381 4556498 -4639548 2152018 9498403 9935583 6868375 -2314161 -8577789 -9564423 -1623742 -384310 3957488 -9059574 -1684481 2974561 8379606 3116665 -7818531 6568 -1702237 -4797508 -3393279 -4604636 -5942086 -1249328 8600669 -9017961 2381860 7792440 -5607979 -4834528 -621732 1375536 -6702988 -5642824 4137388 574301 -6831385 7789550 9944905 -5751455 9585009 6225290 -3309615 4761073 -3302358 8543311 -7603456 -9778391 9058614 -6067183 -9839799 -3016877 -684162 25385 -6034370 7734455 -4767893 691502 -1863332 9171241 1964500 1025381 1809829 -5208249 4827330 7196669 945919 5885952 
5828067 4185462 -5908688 6318228 -4372878 -6779251 2819356 6276225 -9789578 6115816 5567699 -9417654 -3870550 2238926 2392689 5263203 -9688818 -5716593 -1801900 6150770 6322057 4603045 -8853644 4202318 3341166 5438933 8559910 2866690 786223 -5570140 -4487605 7486022 -8043371 -2989637 -6509455 1731614 8543437 -969866 -8592292 -7938172 -746816 6361000 -8531670 -4502764 -931051 -6806631 5306029 -4312432 4430156 -1004208 1378402 -8209386 -733179 3177278 -7111052 -3593192 1797453 -7419647 -9728036 1680740 5845077 9751388 -1094059 -7293437 -316772 3741347 -2142666 6776959 3215542 -5247215 691418 -9039360 7740748 732108 -5613680 -9386164 
-1898913 -5704675 -8816731 4253920 8223966 8797678 8752541 -804851 6310048 8289890 -1035390 2128070 -5412012 -6715039 -4420056 7749333 3174025 8169432 -9800239 -7256706 -5529269 -4339286 -3312036 2166578 -303651 8046610 -981112 9105657 2996679 -8632925 -5615959 4556216 6607438 -8599182 7454369 3629606 5539778 8371228 8214551 2436142 -3166853 8991746 3886414 6004015 -2987412 7066640 -810384 -2921698 -8112595 -1515426 9961831 -9042479 -9184092 2865751 7325551 -7751210 21087 -4458134 -4078252 -374538 -5192071 8782163 8288825 7492876 6434292 -9000864 6044202 -773813 142699 -6885930 7647120 1483246 6116681 -5028858 4408257 8129319 
8231254 -3909395 4971461 3755712 8967909 2418624 -6407072 -1276353 -7607012 -9712521 -3330979 -5298653 -8226701 120305 9517023 -4564739 8167577 -7422672 -661135 5099162 -3362378 2306321 -1193962 -2728121 7913576 -3352769 2214181 -2224110 3891928 -5611841 -7684939 8280095 5737513 330503 -9282984 5969002 -474294 -9337858 -3811959 -5587153 9554962 87362 8483095 4350976 -6720238 2870289 9037904 2055078 6297278 7082810 5426135 6617204 -6704005 8191154 -5617518 -7428906 1090004 2175307 1603294 -9913763 -2286808 4256502 -3844837 9817267 5136511 -1822186 -6899889 281457 -855648 9475603 -2812020 7808164 2043500 -2653598 6516364 7707437 
2508220 4590337 -7655 6254297 -7257950 7796817 -586151 -9714514 -3289587 -2472809 3210446 -484147 -5472618 5651441 1603308 735692 6974856 1331033 8155109 4181907 -80908 -6108505 -9875096 -4363221 -3342348 839382 1105737 2208252 -1759651 5920226 6353330 -9563823 -3222450 -5257796 8174793 -8828162 6341732 -7292785 6480191 -4668312 -6198372 -1398543 3085609 8464656 3739233 -7049035 5019626 -2080120 3369918 7367941 -4469207 -5784021 3356285 2816974 -8894362 4159344 756964 5735404 -4054106 -6288595 1154022 8423356 -75874 6550745 2342835 -7685785 8223506 -8663559 -8652071 -5466972 -9006832 -923491 7406704 5925334 1335917 -7200181 
-1572921 7920325 5707783 -3639848 -1721267 9582801 4744297 7264648 9628516 6152990 -4854965 -5268851 -8672593 3839883 6209658 -9898743 9025599 -5470453 -9014564 9133204 4476158 7121222 1662200 -4471595 1978971 -9583751 2792729 2491625 -8827882 9367764 1963996 5009489 -1900524 -3955096 -8306155 3498526 -1885417 -6977550 -5857630 3167396 8626468 9384519 5515754 -7765689 -1946751 -9462192 2589907 -7210621 -6445996 6166482 -9883928 3672576 2938494 8322536 -9133617 -6035117 6675914 -8455111 -8097068 -8394988 8634297 -4302996 3370959 4090607 637292 -7315489 5078499 -6312185 6090087 -4901732 -4393135 -4685174 -8122259 -5679076 -2574148 -3057162 
-8756295 1579829 9331041 3284700 -5682867 7231356 8708642 -830807 5276747 6586234 6180907 -8579512 -1313619 -4014789 -2256756 8167310 -3434725 5362004 7640440 1136970 7747857 2425472 8136398 -229362 -3625811 -6239207 6065627 -542961 9296136 -5004231 -4516307 -535642 4498561 -425955 -649447 4639332 2559440 -1272792 -251824 4611636 2631505 -2274164 4141191 9195257 -9759592 8636951 -7921842 -6431255 -4034579 -3649964 1011804 1900368 170374 3814408 -2327168 170114 8962386 6081247 -7953259 3684786 9955476 9337493 7447935 3783763 7504811 -4998374 -7968419 -2795717 5095585 -9390972 -9748897 6877072 7304138 6928178 950471 -2684729 
-7685722 9476378 -3374498 7602722 9491890 -7191652 -3514992 9132198 8539390 -7248503 -975264 9610226 -4959683 -3001405 -5811468 7880787 6825472 8558201 -9299690 5887268 -2533238 7361496 -6399007 -4807674 -8692217 5360179 -1746500 -9612038 -6858548 4614985 -9322940 -1393904 -9075986 115534 5951172 7043819 -9776621 9990021 7271298 -7817002 -9918446 -9950356 8109967 -7966326 -2565024 994035 -115670 -5304361 -8805057 8195932 9750637 3147918 2906671 1621480 5499523 -7799317 540670 9506004 6678657 -2467514 9502469 -7818634 8136435 9052950 -5829704 -3602670 -7682487 -4501450 -9642555 -7038731 -1212285 2550965 -9069733 -4119048 -8801227 -1076606 
-2439553 -2509002 5824567 4621722 -537751 1517332 1376342 -6253530 -4758338 8943600 9207131 8894965 600616 5183343 3456769 3676963 187171 -9591890 -6314388 -6336686 -828286 -5692071 561662 9009701 1095664 -1990575 -1945991 -6324347 -8191431 1485302 -6121105 4707161 -1405462 2170135 -966601 -8732665 3972321 271862 6247518 4119266 9490133 -3142042 -8622806 -4007682 2960246 4788090 -9764331 -8754627 2193349 -8238567 -2279550 7202329 -8713336 -5803334 -3630980 6604726 1808352 8998481 -2561398 -7634638 4692086 -1381389 -8723661 6624796 710060 -9811807 -1181433 -2117522 8289524 2050607 -3779032 8306638 -3479298 -5793083 -5345661 4564561 
5544212 5874803 -1123777 -8956121 -1088748 -3596852 -3363626 5562610 2320388 -9182069 -5892138 8283710 -1928144 -3645163 -5893912 5232524 -1015075 -2854607 -8914147 -8624274 -440754 4463252 -1814159 5304492 7682618 -8611186 9766134 -7123329 966019 1293467 -1787114 882163 1221684 -7201617 8429442 -1892844 4279475 4009964 1028916 -3977725 -1166024 -9648695 6844971 -6282393 493854 3100670 3386010 -2798760 -349521 65840 -7949717 5338010 9841352 -3721920 4746939 -5308571 -5055347 -3871956 -61969 1758052 -5337800 7697493 4159190 -7519186 5070905 505138 -7983169 4737671 5903113 -7950824 -8129778 -6534829 5497212 8440898 790977 6686081 
-3246042 6047632 -2475356 3314894 1968099 1795658 734671 4172107 -502295 -7261290 -2634410 -3110275 4033289 4061844 -6436408 7550139 -7700094 -4602533 -3407152 7332203 -4661134 7462173 6844752 6452595 2833641 3078212 -699906 4412853 3724706 7465437 6527031 4428873 -2012649 -184079 7399589 -9840922 2459459 965859 -1563464 3485838 -2141645 -6535336 5145484 5404841 -7153732 -2795231 2685032 5114096 -204991 -6902401 -2332775 6051337 5460577 3587000 -7830325 -6664738 294797 -7519758 -937559 8027849 -7169813 -2244410 -3198116 -1632044 4371575 -5448251 -5929182 -8050147 5417051 2982224 -1576008 -9504548 -9368348 -59314 7324114 -2323681 
581155 -8079908 -1556812 -2399913 -6696384 -7543144 -5920820 -7924209 8275117 1434552 -4644252 -3476737 3388101 8260717 5834631 -6426180 -675446 -7173645 2459764 9212997 -4070426 6150607 -9327400 4068166 -742594 -4445689 9314214 3143619 9398056 4223837 -7675201 -4095424 7577080 4301197 3701606 -6000202 -3865636 -5237952 -9200716 5453501 2328918 -1472282 -4042998 -5084588 -4094996 -6975503 7245061 1785079 9049594 5036465 2081748 2785194 -47533 5011832 -7150821 321891 5885983 -1426941 -7385891 5073748 -7478610 2427364 3288576 9802549 5060602 8921119 5128835 9049954 7330087 -2647901 7830208 -7578680 298056 584271 9175177 -6627109 
-9560252 -4160573 136118 6163657 8736910 -7878867 -8997029 5844200 -3799208 -9911125 3556669 -9313676 -6313400 -6075377 -2446276 4157708 -8328050 -4637745 -2820994 3202764 9149745 4914297 -3994817 873986 9685730 9633812 6992849 -3428497 -1092823 -1260831 6696949 2347423 -7015989 7552770 9934913 6603903 2765931 1310381 884217 -8294006 2244683 -7032637 -707169 -5638088 -8152749 9012585 1372486 8749446 -5883547 -7581614 129093 8165133 -4232251 -5098734 -2414536 -9917762 -570260 -9403801 -1291200 6052874 4664563 -6543408 -6768844 5884090 2538240 -3447981 2551068 -9208719 -4550815 3449640 -7296045 -49456 3845824 -7012378 901706 8892515 
2840392 6565136 -1683572 5593814 1120106 -9704202 6515205 -5835312 9434450 4676673 -2248293 -4839340 -3198472 -9954008 -2533367 -5883635 2260088 1735604 -5433931 -3662824 -5962879 3190510 -7259507 -4395729 2606412 5551851 -5889960 -9593632 -4932761 -8645564 5801048 2168855 -6663913 7002509 -6450998 1393229 -8569184 -9007916 -5002058 -7116100 3011517 663685 6687829 8747628 1026991 7306680 -1069325 1967554 2512190 3704604 8673101 6886136 -237267 -4277448 4127439 8708023 -859435 -2160177 -450061 374894 1766732 -9316790 -9109644 2590754 -4939395 6750506 -3599841 -2054711 -2875162 -6408180 -1115225 309102 -6554202 2573877 390158 4978274 
-4736528 7482223 -7854458 -4407161 -7147319 5192255 8167893 1480526 2870861 2314497 4199683 2504262 -4201131 8081934 -1261772 -8803203 -8509136 -1334566 -3683310 9119439 6532058 113941 -7356258 -5522202 -7813643 -426190 7145908 -9916732 4627976 -151804 -2194577 -673771 -4203570 -4179375 -9292406 8336575 4322795 -9238870 5947999 -6196444 -7481803 3865280 3053048 -816113 -1372160 -2928930 -330941 -1722428 667651 -5219367 6346785 1523638 -8363882 3105980 4082842 7953779 4619384 2448213 2118433 -364518 -2678787 -8501836 3485756 -2849312 -3692925 1520993 5802021 -6847221 2989942 7901357 5924133 3324904 4262337 -3672637 -965791 -9639388 
-2964530 7582865 -4203496 -3443992 4054924 3808637 -6196734 104163 3079125 8200269 184698 5514955 -5922486 -196310 4287629 -2988800 -9674490 5808027 -9283963 5328038 5487066 -3512005 6907660 -8747997 -6034575 9602330 6001209 9067826 7164486 -9395089 3117382 5886400 -3289195 7153062 -3874381 5919956 3176112 -5701256 -7570543 8750936 3215084 6060089 -7140228 6882368 -1343255 -1349367 -9872051 -5479167 -5616697 7438790 3816171 -5013143 -143041 -1938977 6041522 2303980 -7632632 -1056499 -9256888 1994677 6629917 -7493136 -3016363 -6824602 -3229726 -9590870 4028329 -4906436 3819782 5186439 9945547 -8480707 7450356 4612629 9793252 -8227955 
6250347 -4832629 7868546 4045614 8950678 4783508 7449568 8335249 -969609 7288395 7308398 -1639518 4454579 -6350585 -5475544 -5564292 -2153863 -4796961 -1554739 2475297 -78700 8642477 -6978981 3733374 -3257568 -7799534 1724916 -5806031 -5794074 1120134 -575371 -2691765 -9505453 -9613168 -6304295 6233707 8445626 713679 3869300 1356858 4169213 -6050419 9865155 6806643 2444453 -3990698 -9818399 913626 704127 -5567698 3815586 1732316 2902380 7233497 -7536049 -9269030 -7914336 73545 7510997 6308548 4333990 -5141440 7320870 -9459750 1931486 -4807110 4824286 7560101 -9187017 3423445 -5432811 -6916103 -6329274 8038923 -9101927 4081795 
5980053 2091709 -45773 -899483 -7205990 -7738787 2129290 266822 -3797741 -8309242 5979260 -3689529 -8189720 7996716 1341509 6347886 -6384659 -4410731 -3938982 -610447 -5937972 -481827 8963377 3202956 4150646 6859639 5092440 2585664 -6776117 9826889 5624212 3527451 857209 -2536429 -1914918 6227943 -6085191 665810 9444199 -5626763 -8894301 8700907 9636207 -6978815 -2475884 7024430 3783504 -3352281 -2872132 -4759053 -3935919 4941351 9592644 -9543769 -9315841 -4222963 1484776 2545922 -1886130 9188274 -1241141 9297759 -5182168 -1568910 -5180232 3091642 -5322879 -5026902 6142411 7853725 -6856391 6343437 -7682630 6543085 7560047 -1188755 
-8797853 110165 -2265086 -5797207 -364376 9400853 9373083 7457420 1040483 -5294831 -240877 -5557298 6795767 4506895 -3951899 -742945 4734086 -7798805 -8708683 4925661 2657963 1579855 -1883398 -4915201 8199486 521489 -7728620 8803725 -9120396 -1461280 1337346 -6889420 -7540414 -1489860 9767911 -7687656 -6298808 -2495494 -3323729 -2938854 -9358577 -3984980 -5436426 -2811195 -5755018 -7468341 -6021080 -2063421 -3600870 3806590 -9783238 -2653319 3277811 8550524 271690 5402656 -1706850 -2321020 -9680218 5118339 -4364883 -4851909 568190 9271788 8101333 7981758 7853214 9401221 -171080 -3286161 3844425 3169715 9481796 -6493543 16642 -2487400 
4409245 5437120 -6447897 8794642 8694741 7171118 -588153 -9647563 6574419 2263469 -5351445 -3964590 3650788 3145343 -5978181 188082 -3420179 8760364 -3080164 519727 8457553 -6015918 7717482 398045 -4947032 5504219 -1188394 4462734 7955320 328719 7884974 -4423773 4830326 -9632301 -9450846 -1755842 8952611 -2425748 -9254330 -1939370 -27432 -478761 4786999 3685118 -5676794 -3388373 9612913 2102453 3356407 -655703 -4615593 3568984 -6823684 -6112611 -6645726 -1815384 8932589 -8258880 8272029 2950431 55163 -1744497 -845627 -3602202 -6975852 6622016 9168866 -5542378 5998223 9568215 2352898 9035207 -3131789 -7512779 6953773 -2564627 
625837 278493 -6003412 1384891 8307313 442888 2993993 9022534 3257768 3975766 9988480 -2781323 5921463 -3895005 -5290050 -6883047 441748 -1301254 -4286427 -369974 -3115947 -9634099 -1491412 1726718 -9582685 9303053 -8881621 -8583899 4646359 -5213156 -9351973 -2893140 6862259 7774684 3679503 -9706595 -8455890 -1130451 2077052 -8763319 8687272 7664783 8181985 -2958725 -3664744 2233953 7922460 -2033727 3457237 8373788 -241949 2091033 3949733 -8502861 245446 -9964600 1135697 8973 6212081 4783621 2047911 3454232 -4815214 3294968 -4786119 -6267268 7173 8485477 -1656196 3836196 661604 2976570 -7746594 2692455 -1793867 1094496 
-1003580 3955605 -7351978 9862424 7718246 -5526515 3194093 89924 8948618 8454915 4181121 8712695 -1960302 586846 2189886 -3310581 -1540510 -1588627 6291242 -6248138 -8262966 -2682211 -2352674 -216102 -2803602 2400658 -9717121 3267339 1064160 -711386 1018164 -7155427 -2487007 6779686 779442 -2223137 5018105 8924814 -6123548 1492185 7254142 -7032832 -298343 -6295710 -6927635 -6455695 -2663472 6269079 4688794 -3054097 -7728527 -6076775 -2214344 -3571690 -1662524 7749283 -3608497 -5332582 7340354 -6798832 -335685 -9311489 5087825 -9998615 5577320 -1955123 -4189016 7475346 -4161529 1334366 6149546 -9628358 -9443515 6709068 6475037 -971422 
-685875 3986658 4271015 -5297556 7008650 -5304181 2589108 7352274 -1175700 -3442883 9547541 -1113069 -3552751 -9913889 -8950030 9236626 -6917076 -639250 -2484851 -7120575 8220436 2686513 5729073 -2296529 -4440328 -9962010 -3028231 -7590376 1279310 -9566973 -4865481 982205 6653687 1959127 -4481461 1293623 -9797062 -4618971 -3000602 3191220 4406459 -508651 -1599310 -5748828 -9899403 2359297 2851123 -8836582 -7578722 4659321 298812 -1578729 6740003 -9874433 -4640011 -9301855 9923991 3770956 -6035483 -4819040 7358880 8507031 2175205 -1762998 6498753 -9444895 8976617 9263748 -7698925 -3360413 6686965 8294873 -4586970 3227086 -9003817 777458 
-6437230 8150920 3753791 -2389158 9514833 -3979298 6544473 -5484969 -1479889 -1506780 1537023 8385327 7339283 -2354233 1876745 -5418575 -3689610 -5279844 -8628467 -4210529 -2970620 1782406 6587295 2055294 9940156 -5552347 9098568 -1145448 1792628 6954097 -1219986 -8180124 1873015 6144173 -83791 4135422 9680497 3226579 6391800 3463518 -530358 2381382 3129688 -664093 1268484 7690863 -166101 -9494492 -4970455 6130935 -5022416 5092732 -4256641 6784336 6686366 -4363493 -8052060 -6686342 1589312 1712886 8410711 -2479830 4225071 978083 -8821944 1166708 8364670 3351110 -9113166 -486275 8716093 3550190 -9006466 -9708515 1945423 -8679606 
-6601210 6287265 1291093 -3896109 3800833 7048856 532237 2268443 3950698 -2594323 7031898 4018969 -1391516 -7148940 -4655310 -9952254 -5965585 8107723 -3298554 6608601 2256000 6468383 -8112188 3912926 4789777 -9141481 1624014 -5126130 -1692429 6672892 -7957382 1920011 8202929 404069 -7005501 -8332208 4299539 -9263631 -2735909 -7569831 6244758 9643961 -3131875 -4998823 -7365828 -8772566 -9298155 6204433 -3806065 3145786 -9850222 -9211665 1405318 -5637143 -2376499 -7202857 -9464797 -7808538 -6632688 -7660564 -9084056 5948374 3048312 6880310 4923914 -3694630 4375285 -6914939 7577478 -4473316 8818706 201237 -4277989 2250999 -9872009 -3774551 
-9643828 -9622437 4603382 9683416 1279270 -9498829 6944888 -9440448 2675782 6953382 6677198 -1772222 -5184415 -5328043 -2889365 -7936918 6715303 4972230 8966623 3523642 -1150324 -5839144 696699 -925723 -6979311 -6269741 -920981 9403777 385314 -8625987 -2043496 1292325 -5355058 5613254 1889542 -1942092 4238828 -4019274 9002899 4733409 5210177 3830776 9583132 -9610127 -2438841 -2429270 1724682 6269244 3092186 9982890 3743524 -7892305 -8837007 -5850715 -8133462 1975350 1394271 3779822 8424674 8152476 -8469869 -7655935 -5166171 1005031 4019291 8680578 -4386898 -3647468 -3425206 7143589 4097173 1651340 -4928554 8375475 2082180 2279821 
-6722259 7123671 7351620 -2071039 8437489 -2092838 -7641190 -3550909 3605384 -1430192 903632 9379902 2067104 -7181732 5125222 -8108203 -687479 -3918551 7971891 -6201811 6729790 7654877 -9355516 1320360 -5966055 8166016 -2809216 -9062887 6287684 2602788 1859716 4369578 6876100 -5460707 5126751 7817996 -5709981 -1642947 4050940 3860409 335499 -743838 8903204 2264010 -3845849 2359216 491931 508082 5094975 -2930231 9216265 2306630 7914564 4710019 -9048312 -8865286 -7016345 6331495 9819525 433396 -7499432 -7732480 -1175241 -157116 6717176 3721370 -6879711 -1774061 8892674 6883580 -863692 9185685 -9946108 7308856 -2119380 3955327 
-4434279 -9644748 -9750340 -5879275 -8964606 -1163121 -8329467 -939538 4896421 9463776 -7056264 -3930229 -8692760 -397656 792041 -346920 4478575 3791627 -8057937 -2000884 9227262 -3406794 -7362477 -6779196 6083702 -8969390 -8503396 4658788 -5812750 -7255288 -7683484 9912536 2391744 -9829954 8056062 8804827 5697736 9060824 324706 1299476 -7650666 6516160 1777625 -5998156 -20761 -597546 -4156509 -5857731 5042857 3854988 -3666004 -727288 3419196 -4019416 -2898636 -7150659 2691174 5328200 5439850 -6939729 9448943 -8643621 6303516 915574 -1720349 -300688 5206383 -2295882 -9885389 -7585270 5314225 9939886 -5022129 -100548 -6151052 -5987194 
7889574 7537961 -8014754 -4427120 2650849 3108259 -4660594 -9356780 5451213 5208049 5067365 4817506 -7690575 2369458 -7768189 -5735749 5122141 2992030 1086117 7703354 -8184913 162914 -5174638 1020889 9986990 3121616 -3376773 8566228 -2370656 -9595133 -2733635 6466130 9039804 -1570974 5016029 8413216 -3644507 -5424972 718768 -4110454 -1075158 2821190 -9920012 -5686816 2801502 6491257 6277741 -6429547 2786097 -816602 -7296202 9396588 1281565 -5674498 -6091263 9276226 -6480089 3227530 -4167480 -1208447 1631063 1727894 1079298 3933309 5246959 6302821 -7653103 980898 -1003943 2420228 9550534 6034795 3543811 -4877062 -2703134 -7951089 
-6386165 9828360 5169464 948865 8358233 6942914 -6879620 -6128288 -1285712 -7754254 8371815 2791749 -737953 7847447 5278444 -4388195 -1966490 5094883 -9931239 7503120 7979763 1054444 8220904 6753279 -6187722 43143 -3973644 1533327 -8920567 -946439 -4806354 -301680 -1949879 7883917 -2060471 6258882 5662534 1940833 -4248216 4129230 -6830715 -860019 -3894745 -8411734 -5872673 8842403 5413087 -9483044 -7265014 9294353 5640433 -5895682 -537114 -8355040 8437679 5482085 186711 752759 -6162114 -6717378 3922664 -1193352 1074759 -6926700 2330355 7187868 -5742888 2769241 7691196 -6813320 -1105775 -3533391 9216755 6458574 2818219 -7288291 
19273 9593065 -9514730 520097 4974265 -986889 -2488318 -6342182 -247349 -6061174 9113774 -6994098 -5277211 9972425 483444 1916006 -8453196 -7370121 -4361051 1805302 1518671 5893707 -4853387 -632269 7044681 -2568764 -768835 -6743695 3495718 6849691 6782994 2264803 8917213 -142671 -6996816 -1656747 -8091676 4829270 -1226549 -9121421 -6726696 71331 1030225 5127847 -6066662 -1239966 9994347 8480016 2188995 -3869898 3759472 9570819 -5514682 9853241 7583022 3350385 -1317356 9641934 8103441 7274375 -2142103 -7573643 7188481 -7636184 -4467348 -3221235 -579918 -8592506 -6223073 -5284518 -6012994 6974446 -2845926 -2075026 -5489005 -5247642 
6327126 3236152 2740725 9087583 7462675 446934 -2941558 5281020 8521069 -5818235 5943651 8217470 -3182335 3916655 6113130 -8907257 939254 -8695708 7172935 1298441 -584122 -4888072 -9823361 2718647 -5953309 -8583681 -2348227 4240335 -9603630 -6813768 -8776711 -83178 -7006344 -5212319 -1979135 -8083217 -4160560 -911058 -246384 2221886 8615060 8274598 -9488010 -6079713 7486520 -5679750 6640869 500040 594126 -1749247 -7450939 -4574895 -4875015 -5407597 -4831006 2101092 -6028512 -4057609 8852797 -8123076 2312725 3335995 -7224252 -7672167 3111016 2734076 -1725996 5673293 -5847937 -5683997 -2714851 3506320 -9421993 4955037 -8597295 -6321687 
-6791790 3560153 -9476938 4956614 -3535169 -3533716 -9424414 9318522 -3345087 6827042 -4244550 1718530 2716313 8311963 5421835 -4264096 -2770650 -2576578 -9409186 9634811 7447002 6421304 3507516 -6760442 -4631951 3001481 8095464 5559501 -4726875 -295148 -5978472 -8984524 5407809 -2273561 -6724811 993877 7265724 -3857871 -9175766 -4793015 7750509 -4185984 7659688 658008 221067 2699613 -880122 -8753530 3354672 -9663115 -145974 -9802291 5474891 5549684 -112769 -7800547 1104531 1588600 -3795429 2797742 -33099 3498827 -629485 2128919 8828798 -5647779 6912857 -4914293 8064757 1750872 7619177 6220722 895797 -805991 6235539 7807153 
1826250 9493545 -5215719 -9728687 -1923120 -9325441 -5347456 -9678105 -23018 -5106201 -4328690 8646712 -8164106 -5821598 8400793 -7360335 2364207 6729224 1635680 9789963 -4289596 -467174 -1739260 -135546 2512627 1026370 -214012 -2929618 296747 6529778 -8878362 -9161077 7674049 5027404 6812150 -5781206 -7018162 -4437271 -1115987 -4677475 -1162247 -9320376 -3678855 4504623 9054000 -3838999 1693028 5001495 1640737 -3391374 -3848412 -3930712 -4719524 5959870 5728631 -2730447 -1923791 -2291700 92710 -7577343 -7665307 -7878584 -9768433 1062551 -2665353 2783927 -8291297 -3631455 8133364 -9122340 -4735354 -3497440 7790516 -5697397 844872 7235452 
-4342880 -9787112 -5301287 1152985 9071554 9245741 -9720646 3112034 6631143 6699623 -8897738 -9671135 -8914613 -6860440 -7460743 2857587 -9209241 1711756 -7263805 5798509 -366738 -3943453 5928647 -3446392 5318313 6043499 -9222397 -2682907 -2267962 6482270 1340182 -386400 5256333 7672090 7960993 9790578 -7890291 -4920400 -634981 9419795 -3013396 2907103 783220 -8549465 5078910 5659763 8763523 1296308 5905689 6114700 7690204 -1182819 -9445835 6365424 4833055 4354665 2510876 -8322685 -1407865 42583 -1698365 -7789520 3815173 -6520239 9033932 -1061250 -270436 7469795 2549253 -8818984 3945988 5887385 -7264469 3569581 7515385 5611568 
-8885806 9936738 7685864 7175303 -9744282 -3688525 9446278 -7026004 -877205 -449140 773836 -4112539 170149 6709362 -1175020 2923880 -5239436 -8505136 -5787792 7947425 -742058 -177552 1095356 1839100 -2666927 -8292671 -7638586 3637248 8579889 210307 -7072438 -1640409 3835596 -6284889 2769813 6748009 3796319 -1626919 -7520913 -5658386 2628157 -1242970 -2571190 6542414 -3866800 -8219290 2044431 -8859158 3899999 3509823 -1702580 -4684505 3959213 -4411345 9532896 498875 3760507 -782475 -4907096 -4910468 -789297 -8767852 2648054 7193311 2595653 2011529 5462752 4368569 -3279687 5107473 7174158 -5012174 -3195750 -183556 2798315 -4506118 
139087 7540738 839816 -8692788 -5851832 -6790351 -6356878 3429988 -8746768 9479671 -1966472 8240015 -3329902 -9064245 3388402 1097684 1707449 -4756320 7855111 4077225 -9112377 1556413 -6974732 -4795593 8012529 -3101445 -1255201 5387339 -1727039 -3592563 -5982302 -2958070 7672731 9231654 -168623 8241059 4355339 5451947 -6436470 -8758881 -7619565 8347240 -5220008 -7572438 5625578 5458769 2723205 1077822 -3016759 -9002644 1935583 7171097 5219194 -2033307 -3950573 9049069 4518047 -173342 -8181627 8000602 -5560504 -7087917 2834390 -5762377 -448590 -9899545 3319480 8393858 6936114 4303520 -9811095 -4616125 7221969 96169 -8238883 5353547 
2040902 4093987 -130117 -9612962 -3835438 -5234514 482925 -5419010 9065292 -1508807 -7400386 -5261096 -7788401 -3824123 -8686470 -2666851 7881070 3824585 -1282316 -6763878 3808091 6089196 -3912805 -733919 1919502 -7575126 5672618 6899622 7622516 -4920529 -7943328 4038738 -2064657 -489847 -6946375 7535541 5589814 -8444351 2790886 5051408 1233523 9524855 -3504259 3134229 3491203 1888964 -6562439 4309969 9367330 4225824 -8465174 -1747008 -6315286 8225173 -3303635 1963873 -7201344 9179295 -9546608 -6280721 -6113235 -7902643 -9329904 -4650761 -4721106 -8844805 2314449 -9283745 -3311178 -717882 -8036361 -9153930 1562850 -1435956 -8768983 -4631261 
6702714 5422844 -6150858 -2619808 -3151406 9555498 8338540 8977900 -2581967 -2949446 8581396 8069707 -7871682 2915178 5480094 -4356900 -891371 -9807469 2126051 -9614235 7281090 -1032485 8563222 -7566868 -3658108 2625931 3506296 -8420964 2395074 -386654 -3345572 3715181 -3217162 2230113 368639 8433016 -1108988 7986769 1082213 104720 -2362304 -7821649 -2895276 -6862558 -8617051 -4595264 -9509021 -2490031 -4842658 -217795 1437295 -3795160 4410327 5333311 1894408 -7025818 7843172 -3813548 6806454 1560634 7580836 8203741 -6254302 2575162 -2653200 -787457 -2061062 -7015460 9426865 7794645 -8931874 3763228 8481408 -2498692 8665359 -9592131 
-7612862 4434224 -5961112 5184504 -651062 -458813 -5667683 -4126537 -3060290 840869 1685729 -7920665 2929168 1322422 -540743 -5185976 9295916 -8614662 -7726195 -429087 -553560 1594440 5435953 -1741448 865366 1906622 2423176 -1828217 5761985 640088 3092766 641669 502492 8596846 6654733 -941601 585955 5903228 -193819 -4710301 -5794645 -7258216 -643906 -3043774 -1737273 -3588921 -722656 -2902181 1716906 3480085 -8268287 6594914 3204104 -2624966 8067366 -4104333 -5571523 -8536504 5723343 -5796254 5329201 3242340 4503000 -644817 -507387 2371724 8043173 -7288591 859109 -5937220 5445125 -8971152 -1829293 -8876253 4561165 4698235 
3887129 -597677 2658222 1825581 4752812 -1193833 7480861 7322309 6154790 4150747 -320312 5945569 5487942 7473079 9288414 9230237 6669485 3740742 1741571 -9642457 -1703203 -946602 1008434 -2355836 4292216 -8847131 8482875 3627881 1274242 5560290 5610673 4763653 -6481327 4409690 -6034398 -3043899 8749034 -8368982 -2799196 -9721130 -1054227 -191329 -7280533 2040799 6512070 5964605 1966215 2947570 900913 4300178 -5519410 5818127 1950699 -3418429 -3602652 2889079 2711500 2927061 2412067 367563 -5774931 4569231 1648600 5792861 4690095 -3047335 -7028055 5357482 -730017 -2779269 -8207683 3442998 4296787 -1766345 -8724842 -6069221 
-1836775 8328161 2208129 8511295 409040 -5549826 -2500775 1751269 5183527 -4100913 -5754019 -8818738 -8311401 -9056841 -5790600 -6479896 -680401 -2952936 7161345 949177 -6454039 -5011330 -7772675 -6759125 -6560484 -4124732 8200754 5685326 1788644 5294836 4770694 -190603 8772050 3801095 -3497858 -8859461 2132451 2417526 7381892 -9477549 -4233592 -7518268 1000370 5036522 3529777 -7214388 8907055 8314142 -9400383 -5089648 -4490059 4626886 1797595 9608739 -3119741 8057846 8954974 -9864278 -8269897 -6766273 4622238 9650668 -4264786 -3919874 3895715 3927778 -7714870 639653 1087132 1251553 6132790 822103 6813592 -6452323 -9474039 7516345 
8885124 -8174738 -2425039 4451624 -707946 -1912909 4423945 7222137 -3595992 -3286087 7527576 3111339 -924205 4728277 -198558 -9395431 -6248230 4088764 -1305251 8984332 -8548607 -5568738 8184405 -2733573 3198854 -9762079 -6250601 -74626 6618529 -9293732 -903599 -450843 5135428 3952708 8594989 -371509 950558 -7552537 -7078752 -4879267 -1333619 -4618858 8386830 -9998439 1197391 -2261390 1351949 -7320602 8113298 9649008 -6349756 -4225161 -3041269 -933223 -4444553 3559230 6314504 9279906 -9782663 2002435 6572350 -9965016 1196992 -2695572 99052 -2899590 9732741 -6262920 1383334 7596957 8127107 5131606 3777199 -1383852 -4171079 1561734 
6849504 -1646340 2052360 7595665 -6087816 2054282 9541837 -8352532 -616067 3533847 5719358 5051170 3951667 -2957919 -2396106 253277 -1907931 8736970 1817735 -1952112 -1128988 3179289 221836 -8295340 -443211 -729864 9996416 -4352871 -3946504 -3751422 4269778 5273491 4733677 -4350214 -2781993 6715078 -3686279 -6767798 1348525 -1343042 -6131726 -4309623 4299514 7291750 -1090892 1087201 4461396 -6027584 8414101 -2810678 9921383 -4725472 4955571 -9728456 -7010286 7384133 -8610371 1312213 5353397 638027 8861732 2620494 -797506 -8503842 -6343224 5455261 -5407039 869479 -4439832 -4359002 -719106 438397 -867291 8580719 -5586318 8382515 
-3202905 -6147042 2896299 -3324100 -7772858 -8180467 5263492 -474800 -6148911 -3604644 -6065259 -3874890 -5808268 1242002 3139091 -7498576 -3531170 -214293 -4280753 -9228715 7512655 -4963539 -3900563 4757245 -2521769 4708701 7821995 -3110154 -2994038 -4427068 7954889 -3486132 1727882 -6176678 1521799 2640145 -4530270 5825955 5232297 -4069110 9502010 -8728082 -5258923 -8533596 255535 -4855824 -1201618 -4094214 8952193 -8315127 2250353 1258634 -5820351 5237170 -1782708 -9370113 -8023241 -6618388 -8882696 9385237 -7057292 -5027809 -7021954 9830860 2406212 -1441977 9614421 -8694404 -2508518 4180196 -7870702 5425612 3095613 4236931 -1930565 -3265805 
-3095002 5978390 7946451 -7534625 8103827 6817694 2185860 -4817274 -6547928 4725822 -378179 -6406517 -1798599 -6734774 1942873 -5214454 -6811541 -4919540 -7720262 -6811573 -8471405 -1064198 -354387 9814685 -2311918 4711582 -3210378 -6525076 -2885330 -527725 4952560 -7525606 9402685 -4746104 6974414 9731446 -2602967 3061616 6746662 -6031405 129483 -6406807 3959250 -305827 2679624 4397719 9271638 -6311411 436734 -6286377 -4775810 -7461995 -7634107 1184319 -8501040 4895277 -6440767 2178376 5160315 3718921 2292559 -5406483 -3678723 9154948 -4658193 7433980 -9272705 -7012293 4932141 7278015 382602 8554051 -9954541 -5896948 -5430111 -2629844 
-5722054 -8408431 -8336937 765774 -6471777 -3981621 -5040602 7768631 -9966744 -9904635 6470166 5293651 2243354 5567702 9880253 7835934 -1948484 -577739 8625678 -4145649 -938487 3682966 -6052731 -8291910 -7255703 -1965895 -3056282 -3340109 -4605646 -1196559 4908036 -2766843 -8100513 -909619 -4489709 7245789 9459091 6004748 2053331 8191071 -5649149 5183769 -5255127 581463 109520 -9145750 9580811 8556164 5887006 6571418 6537305 5764992 -5477972 4271208 -8234739 -6062398 -7486733 -5933317 -8461852 9379727 -5920246 6203412 -2431823 -3233429 -6736043 -8406480 -8133480 -3762997 -3962578 2636795 -354377 -44417 7020246 7411134 -9121220 -190422 
4983312 5881635 4940821 -7260425 8374976 -232899 6176377 2549580 -3797903 5860609 7716511 6572671 6377122 7926324 90607 3213962 5866199 -2463282 -9905819 -1080215 -425056 -5213938 -9583016 -2281745 726023 8831537 -9637348 5008077 -6862660 -3407714 1228971 5998220 6095247 7458859 -631112 2791486 8815855 -466545 -9797204 7919470 -8406894 3083462 -1585146 5986312 9507702 -4893097 -9402897 3067526 -782073 8037874 -6674255 7458465 -8024434 -8055776 -7238959 -3966475 3256148 -6210495 -5430367 1496901 5988038 -8948766 1514836 -4783354 -1057675 -5793603 -5565615 4717711 -5864385 7644089 5335586 -7457989 924148 -3499876 -5476679 -6158041 
-4229041 -5604494 -579585 8970276 -9518844 437828 -627181 569734 6524295 -3964508 -6001570 -7078127 8604970 8883383 1814759 7502383 -1898516 225558 6220852 -3731951 -6707309 1029833 7080991 -607284 267697 7408986 2480390 7984396 -517868 -8086276 -8831910 -5484819 6148413 -9256785 6693100 2799707 -5762689 -62721 2207167 -2831319 875754 9259227 6225279 586176 -1677621 3152734 -1527536 -3817713 -6531036 842147 1236997 -2932568 9331591 -9212680 -4276277 8443272 -6988201 -8963570 9936573 7617707 3431254 -5728510 3022214 -4217028 -8919016 -1906078 -4195081 -8674796 9201274 -6458128 -4803439 8370046 9991036 -9443956 5695955 -8489424 
-494980 -6214353 949427 -2450358 3703833 -885088 9831254 571225 -1746619 -3869570 -636924 2730915 -7423610 2222572 -3963949 -1279576 -5804770 -5380978 -3612437 -237038 3688708 1859884 -4561865 1461725 6612505 -7965798 9428251 -3009025 -6606177 9769733 4906325 -2672412 -7115359 669326 2085795 6433958 5117936 3853247 4395975 -4352393 5538857 8670819 6627281 -5880229 2636884 -9449021 1588257 -3371686 -4383586 -5840810 9535050 566986 909283 8744947 2215912 -2057130 3044918 -3793197 -2647578 7924299 -4327068 -7799907 -2128833 -1010651 4855408 -8670511 9079436 3993971 1252605 -317927 27338 -2069102 7870608 -9065555 2318884 9286248 
7764241 -3094052 -5906569 -2276848 -9244831 -3325971 -7958879 -9524773 -5906237 -1558934 -2035055 -7082098 3935525 -1315246 3754343 5174830 3510287 -8076604 -326775 -2123116 -4651134 -235867 -8371963 -7284761 -1574032 -2970751 6035216 7974114 -4123900 5998885 5191771 -1132154 2727352 -1838283 -4175990 4240467 4739547 -8081094 7880472 -9769389 3986939 -182765 -6264147 -1819111 5118768 4568724 -552264 -6717964 -3916902 8927647 -1610549 8496004 7005623 797667 8021974 9804755 4538107 -5332500 -1279614 5468074 1233924 -1972862 -281693 -6113752 -7368751 1818359 -1870088 6552362 -4381813 -3400362 -3983971 4622872 -8423157 -315582 5099760 7417577 
-3567039 -7722606 5676265 -8122536 -4240941 2496311 -2635337 -9679041 6160910 1749352 8286529 1873601 -8175088 3216101 24423 -3522644 5850033 -229443 -1599198 6029985 832809 7815867 -5739595 8350680 -1737746 -1584055 -4915056 -8195530 -2254403 8028245 5105001 -9239147 -7296872 -7377423 -8342288 534959 5934018 6983304 2599474 9863415 2557718 -581159 1577305 8467496 6812192 5546106 8299618 7203090 3409040 493486 2027373 5310105 542456 -917172 4122155 -1104769 -3894261 6754152 -6316633 5156473 -4342180 -1588140 8906305 -5227836 -6248239 1979518 -6096211 -5740936 -2055843 7821184 -8133713 4964856 -1784831 5354226 3372921 4526391 
5619730 -7408923 5950511 138547 6804269 6167086 8041984 -3903660 2969453 8436683 3833578 -3055988 -2902900 -1681839 -9839862 3949102 -3308336 771571 9936590 -8171419 1068510 2440242 1736624 -5661406 5947053 -2630897 3128674 -493521 -1885357 1112876 9025994 5363987 -3779114 -5651461 -7358438 2500405 -6395576 -9360136 865221 -9513494 1066656 -9832112 2539799 -8983515 2017398 3895694 1938538 8115035 2418787 -2073263 4383754 -4595309 -4134222 -4913230 5702992 3786647 -7447354 -2062503 -9892662 9228914 8137194 -1006609 -1183888 -5627834 -5355237 -4750655 6834802 4813733 9878228 4934175 8525723 9632735 -6563756 -6789147 696175 -2235720 
-4374184 4281817 3769278 -816618 -4383027 -6647414 -5517847 287442 -6126402 7790550 350268 -6981226 -2485290 -8846990 -7083326 62757 -8119884 4586157 -2536951 -9876560 3990855 5882888 1909888 1276041 -5850559 -4006467 -2380316 7810698 8871309 -8965366 606020 7749336 7032999 -8534900 5578252 -6358740 2791524 -6529891 -8390345 3745926 2862438 -7265660 -6778591 -8545240 -3129961 1448831 -6470572 -4608159 -9445202 -8256957 4397100 2751649 664088 -7478206 9124530 5845917 -9377186 -6571173 -8076575 -24874 9248784 -4034537 9397311 -1270038 -4295913 7975074 -6629637 6591021 1170371 -2405372 8053401 3118720 9828725 3042830 3737139 1286813 
4374178 -8888850 -5390181 -3428893 8803500 6470554 1081954 3131101 192721 334141 4510819 9334011 -9244807 -3961100 2211271 -8572846 7960930 -1103948 5924691 87883 7783091 -751783 -6606878 -4861169 138661 -8734845 -1172590 -1418176 9797633 -9238386 3825745 4485213 7965537 2537476 3410239 5433283 -2720107 1583875 -6911702 -9816718 -6622612 7582377 6295113 -7506719 790399 -9439401 -5881726 593591 -5765916 6197937 -9313253 8885848 -8555464 -1557352 -5582717 -585969 4363088 -1752647 4272641 -8940611 3140064 -3414565 -6110616 9505580 -7052519 -4360726 9928252 7682081 3882303 6342624 -8109919 9679592 1107353 3832557 2939385 6512509 
-509388 8278048 422684 5212618 2877404 -4635432 5110311 -1078631 1367310 -552374 -2454889 -2428418 8066298 6620452 6732393 -3206304 2493525 -3262948 2813079 -8224869 5422019 -9329811 -7311395 6142784 -8853141 587969 -9476694 7918500 4653405 -6253293 2723924 -59757 4817303 6624331 6425019 4912364 -1946198 -873190 -6395267 5550658 -2631837 -3642978 -9999667 -178625 -1475836 8399556 -4400987 8005631 -4091337 757914 7047961 -6503993 1722256 2087704 -1233879 -9025638 -7149641 -5348181 -3353957 7635374 9468065 8182802 8638879 9755618 -4046167 -9800750 -1290399 -4410434 4961884 4184718 -788581 -7000517 -2262150 6299016 -2156701 5044283 
-7759219 -6681502 5949009 7731061 2349822 -8828439 -4822889 -2068768 -3710538 9948276 -8187136 4836383 1016351 -8118706 4000690 9674985 9043486 -2762620 7123740 9111159 -618663 3865119 9877646 8119811 8925784 -3284367 -9460367 5995581 7129020 9775104 -9780320 -9570076 9391291 -3843906 7223617 -6783028 5730437 2442909 985354 9821216 3662596 9891667 2707154 5353097 -257941 8472485 -5436414 853406 5082959 -7704267 -170266 -761892 -219796 -8011547 -8430520 -118615 4732274 -6445775 3098323 1085901 8565214 -9972193 -9403332 8580375 2324432 -2758158 -721649 3177060 -3762810 1994651 -6082255 -4608208 -6155975 5589490 -9448642 -5325963 
8700445 -3861480 2718496 -8898914 -9922941 -5516492 944883 -4173328 1941434 -7435917 8953972 -6479460 3636557 -8157988 9811945 -953914 456731 -5830803 6903686 -6141857 -6608731 -4484252 7966183 -6240981 5992675 1630595 -8865338 7553470 -907269 -9318289 2320688 -263705 7187733 -4936211 -4510551 8398593 -4115217 5066134 6739109 2476281 7090255 4373830 9386850 4707107 -6500434 -7579483 -7631637 -3902868 -519568 -7255095 1971667 -1314749 -78924 3280980 8186359 -8266669 1227716 7913388 -9961398 -2553357 -4886142 -5489717 3413958 -1618872 346932 536645 -7161669 -7158934 404042 4482641 3655512 8474114 2846863 -6724001 4828638 -2144880 
-6888502 7012293 -8462205 -4035658 -7650150 -9785952 -8349624 -1467202 -9302080 7311401 8771115 -5986433 -3207088 -2223013 -1299065 -7118574 9400270 -3847453 -8630055 -4159301 1122713 7504473 9754455 8015341 6476151 4516683 -2516216 4838480 -4505242 -58163 6217509 3879041 -1246120 -9187939 7403919 9831433 4025563 5607469 -4269168 -5927316 3282620 -2418978 -4697521 -2565608 725314 8862388 -6346170 -8816396 4099420 -3096810 -7276168 5413924 6407150 4605579 3559597 -6867677 -3117832 6900213 8731883 -6676527 -7803662 -428886 -3685055 4540701 6082053 4271027 -89034 7527294 7316768 2748295 9733913 -5844239 -3289443 -8922705 -5835802 1199383 
