A 0 10 -573,-148,-945,669,-556,-715,462,873,318,326
A 1 10 -56,831,469,-992,759,-577,863,790,-209,264
A 2 10 555,68,-175,217,784,619,-624,329,486,-16
A 3 10 -947,532,-921,32,-354,-375,-437,-887,136,-32
A 4 10 370,-270,-989,372,-981,86,-609,-626,-523,-934
A 5 10 610,113,113,-152,-415,-790,-714,122,623,-314
A 6 10 322,373,151,-581,-792,-250,-970,744,448,-459
A 7 10 138,-877,-442,890,-363,-448,-380,-943,978,-31
A 8 10 494,-930,-150,427,443,913,-657,-436,31,-890
A 9 10 -745,-371,175,317,182,890,-376,-790,205,579
B 0 10 -36,824,-112,-702,433,-97,916,-309,-375,888
B 1 10 -954,-51,852,322,-548,204,819,443,481,-162
B 2 10 173,-633,562,-730,-552,756,209,4,-231,-6
B 3 10 673,325,7,150,-844,922,-464,-697,-603,330
B 4 10 943,-506,704,-236,-272,497,527,144,419,943
B 5 10 369,457,-959,497,298,-397,988,31,900,-733
B 6 10 -791,811,-854,624,-66,397,-672,279,-323,858
B 7 10 949,349,-539,-151,-167,92,-308,-796,-160,-542
B 8 10 530,832,710,405,645,929,-945,-76,130,-967
B 9 10 381,-957,813,-691,441,-741,-736,710,161,405
