A 0 100 -736,676,102,799,-785,-503,-460,-899,-938,-375,-935,-644,-737,135,717,887,-478,349,-651,-118,-743,-699,-25,183,819,277,20,-995,-22,-407,386,825,167,-47,-173,97,-292,875,560,290,712,588,-657,435,-54,-742,-824,611,401,593,179,874,-166,801,511,-769,200,209,863,594,495,-522,462,-908,153,-58,-317,886,767,475,-102,-724,-366,800,-786,-621,912,543,863,-885,316,738,-622,-872,-462,662,-82,851,-284,38,-85,-720,-617,-206,452,-985,-980,-694,-801,-83
A 1 100 62,-111,526,-357,-507,-207,-10,-894,63,-353,588,-294,496,-928,236,952,973,126,418,-22,340,392,640,766,-419,-987,626,-514,-935,-933,224,-249,-102,-582,223,-40,-580,-254,597,-157,-301,-691,493,-336,741,-978,-901,68,-110,635,759,-405,386,808,-466,-172,758,958,255,664,-333,840,570,-235,-577,-340,220,-607,967,-733,153,-317,-131,529,-997,-289,-253,-778,312,-217,750,-878,-752,-866,-625,169,-222,-588,-54,-18,-132,-738,506,-622,-144,-418,-618,132,-17,-267
A 2 100 672,-951,958,131,-24,850,687,988,-686,-84,-330,327,-661,185,672,-921,-755,900,718,132,-532,371,105,-542,-244,381,109,-139,354,-571,-984,-915,974,-235,-827,138,-526,571,-728,451,134,-902,-692,252,-175,503,-55,570,781,552,-461,101,-975,433,867,573,-484,-854,636,-383,-812,-986,714,-509,578,884,419,-216,-983,484,-629,-709,148,-343,-107,-84,-287,953,850,974,-815,-538,106,-460,216,-993,-732,124,409,283,879,-126,602,-540,-334,817,-354,362,263,339
A 3 100 332,953,69,108,-894,92,-890,-435,-527,198,-95,949,-253,-134,365,-641,-134,768,342,-669,840,-564,197,-686,951,389,-563,157,-324,349,-552,160,-28,874,-992,969,-860,-437,762,-360,291,46,-519,-846,-56,-730,-258,-974,305,-421,350,442,656,-393,161,159,-89,-656,613,235,-172,886,2,134,708,-412,-431,-586,-667,865,438,30,875,-302,-606,-887,-360,-807,406,472,54,952,-818,-739,-229,-31,28,-338,-111,-603,-409,-195,418,724,377,134,-92,-645,613,420
A 4 100 -761,-355,977,235,-174,-153,81,391,497,257,-862,319,-342,-447,-557,676,908,241,-411,-597,-960,409,-666,-318,-79,225,-168,143,-937,-769,-109,-456,240,-352,132,-448,278,-673,770,140,-887,625,-900,231,248,45,-407,-701,488,586,595,414,87,170,-318,-125,-418,-535,300,514,604,500,-836,930,582,-602,-329,-604,-949,166,653,678,637,17,74,-811,954,-563,-601,-495,-131,-628,-504,-845,-897,-126,793,-55,20,-638,644,-822,-178,169,-634,811,-628,416,-690,-431
A 5 100 -653,761,-118,-136,893,284,683,531,-198,140,127,-625,-243,-459,-368,-931,936,-759,182,-527,-245,2,564,-240,157,-7,192,-69,-56,533,517,156,-259,-807,-617,-232,-278,380,-420,647,-371,290,125,-90,272,945,-692,134,-763,722,221,875,-236,929,66,956,-476,184,972,-979,-46,-421,-321,417,905,-914,99,-44,-905,-327,-536,17,-610,258,884,-769,-898,76,192,420,55,540,132,995,-428,110,173,356,682,478,696,515,-733,-970,-911,749,887,-213,685,-392
A 6 100 589,508,5,842,963,940,743,252,257,-733,-225,-132,-201,-338,-479,577,-419,-143,-557,12,-809,-343,-739,-713,-995,771,422,-412,-826,623,196,-832,379,128,615,-564,493,-722,99,-793,206,684,-331,15,-627,626,960,-827,43,659,359,433,-341,463,882,-630,236,-851,-867,-263,-753,-803,-168,-745,784,-987,903,-100,-547,672,759,-20,-831,-245,915,-449,-595,-691,-249,128,-118,-362,974,245,944,866,-509,844,-63,-10,-4,907,-957,266,251,406,272,-514,643,-745
A 7 100 -934,812,394,151,-931,-804,-48,-566,-128,-369,-815,497,580,-696,-149,211,-448,596,32,-287,-631,-391,147,256,152,-837,955,612,273,-820,618,-468,142,-648,360,-313,103,-922,-916,-307,-275,174,231,-908,61,-10,-784,-79,3,-216,-679,-584,47,-47,-475,-248,-306,-905,324,234,626,905,377,79,349,-953,12,-993,-789,119,379,175,-440,-870,792,-78,597,-89,-812,-351,867,-487,728,659,-912,-734,346,774,-273,529,-770,-942,-488,698,531,-426,-212,-369,-702,-998
A 8 100 -681,-847,-676,634,424,-410,-692,-103,648,-873,705,-629,721,-700,917,223,-401,-908,-789,38,931,35,514,-55,55,-47,-273,-273,382,745,172,953,714,82,-728,-170,408,285,87,97,439,-602,808,-151,735,401,-782,-680,137,-184,-40,-858,-63,-680,483,-393,-545,-894,78,-481,-340,-946,-107,-8,577,-182,-883,563,15,774,8,488,380,49,825,-507,-922,375,-409,862,-828,-630,565,-864,933,-211,-787,856,695,163,240,870,-715,-741,439,866,-70,-671,538,-960
A 9 100 -358,-292,-44,-701,760,-396,-632,884,3,517,978,-147,-326,-572,-9,958,-979,318,68,-696,-687,857,905,-683,-626,-755,407,-539,-190,380,-423,641,-684,-829,405,-251,380,532,-514,459,895,-260,-918,783,-425,-923,223,-327,747,823,-846,-309,-445,820,178,629,412,214,-296,-302,427,-104,-790,883,-119,883,-674,-724,498,-573,-601,659,94,933,597,-615,-986,-423,-734,133,-686,-213,-833,685,878,-76,436,-966,70,85,-191,-665,-689,-512,328,804,-837,21,-808,-104
A 10 100 315,-233,626,-269,-556,-794,-776,-275,628,-691,156,-982,-327,-417,-601,-850,-303,-943,57,89,537,-401,802,-266,-684,823,-399,233,597,-668,-316,953,189,-868,83,602,-90,503,180,130,-201,-140,853,355,-500,-982,460,532,368,617,-203,387,102,-42,881,-777,-228,-486,715,-187,48,-796,689,522,428,-299,482,207,436,445,905,892,-343,691,569,508,-381,-840,-402,-987,-948,-937,561,62,925,-693,-593,987,-787,896,-627,776,817,-632,427,249,-652,375,-433,783
A 11 100 802,-95,-37,-109,789,-876,264,356,136,-779,490,-220,640,-932,559,-651,-527,-170,-692,186,497,-206,427,-10,-515,-852,24,-125,-660,-500,-895,-507,-503,-423,-973,-9,440,-897,-981,761,531,103,420,589,936,-121,-308,-771,221,712,719,995,993,-843,987,-49,-182,-672,990,612,707,-458,872,999,-194,-501,41,298,259,274,-22,935,-337,-635,-346,795,-805,158,-129,-834,-817,-588,19,193,501,484,477,719,-135,12,96,496,625,476,605,104,833,234,-412,146
A 12 100 -686,-219,653,-198,269,340,-486,-602,-531,568,-931,314,867,64,765,361,-700,77,600,-15,-914,386,744,-728,-454,-278,963,651,-971,-455,-280,-130,210,375,-379,757,-97,-511,-758,-269,-138,994,947,617,-277,-981,964,-901,4,426,-942,-788,-272,311,-853,-778,619,-294,699,86,454,-749,-883,-92,183,588,699,250,-255,287,-581,-92,562,412,-929,-763,-495,-707,-207,81,-527,136,276,-684,-212,-11,-906,-320,-56,-813,-748,196,37,264,-173,534,-326,-713,723,-44
A 13 100 990,-688,-412,-383,44,701,-675,-336,-714,-229,-699,530,0,198,-948,-423,-926,-245,-510,-366,-437,531,-783,266,751,627,301,540,541,110,-644,362,745,-905,-998,-664,777,404,-419,41,346,-671,-258,-153,464,968,964,-786,262,-615,-612,-603,-186,928,-425,-933,-809,-316,956,-256,622,992,995,765,890,-138,-588,8,259,257,-182,-784,-52,-90,962,-479,807,-343,66,48,545,-288,-387,819,-531,-443,-911,-22,-521,777,-435,10,-52,-326,-68,-517,264,-5,58,41
A 14 100 -463,669,-44,292,-586,-321,-399,-833,-903,-236,279,-139,-176,-708,29,-405,970,698,-135,-130,-693,-130,-91,-691,-905,381,-936,33,869,-835,357,-338,514,938,-621,832,7,328,-929,705,-35,715,-403,-284,206,40,497,-457,300,565,-369,234,-211,-587,-607,185,-490,-651,-710,-820,-900,-36,909,203,-983,-188,-633,165,-30,-567,-42,-819,733,880,-976,-891,-759,569,-458,116,824,-366,-655,435,-779,682,-893,-861,-881,-267,852,-938,-917,-338,264,936,-527,-804,328,-730
A 15 100 -884,-350,-517,604,677,155,-620,-223,-563,-664,-36,109,275,-424,-294,-11,983,-509,601,-662,405,-703,-412,435,938,105,-51,756,-398,752,-720,-183,-162,852,505,805,806,-32,-519,-113,-1000,-29,-14,91,505,259,451,269,-212,57,-583,-688,-808,-890,208,-193,14,951,15,-363,-515,-694,-344,-300,718,-764,-810,810,260,703,-514,988,445,585,-111,114,-365,-764,-118,-732,231,502,-493,906,572,-695,-368,750,-274,-166,237,625,-42,-739,531,-750,-453,804,248,32
A 16 100 -881,-159,-869,-528,475,-175,-128,-888,-633,-31,-951,869,-246,280,310,152,-914,887,-211,375,-541,-641,-671,-864,-165,401,299,457,457,312,144,-425,435,-695,-239,-159,-178,389,-144,-158,-286,7,168,-670,496,983,-289,547,-461,940,-966,356,130,-675,775,493,278,401,855,804,307,-184,-433,-650,-872,964,60,-425,612,-243,-144,-775,311,549,186,264,759,-246,-573,9,121,105,-982,-559,-267,224,-652,-730,748,738,691,-474,-459,696,-647,919,-749,-41,-683,-977
A 17 100 208,-23,109,-496,-636,395,-35,-54,192,576,308,685,52,748,534,699,886,712,889,368,106,-410,-327,-299,32,-793,-488,-282,886,236,-520,765,-588,723,566,509,-868,-141,-669,-108,241,-983,-864,-713,441,-753,-636,100,-328,969,-147,350,-586,-853,-85,-961,-983,875,839,833,984,-327,733,671,74,689,-616,-84,248,-227,-269,-365,114,76,737,-452,923,-17,454,-578,-643,-873,-774,-516,517,-300,-332,344,-880,807,447,-789,348,106,354,-733,967,982,571,957
A 18 100 963,605,-393,78,-149,611,925,649,496,-22,532,804,551,441,-743,-723,158,-765,-658,988,48,-236,733,-864,56,-582,481,-52,42,522,-199,-325,180,-97,668,948,324,744,582,-468,-946,591,233,-289,439,912,-666,-605,-308,-917,731,-493,385,-748,-494,143,-422,-491,-74,403,-842,-196,185,-574,806,-905,762,-230,173,220,441,10,-887,684,969,882,-589,-648,-632,419,890,-705,-635,-334,-467,996,477,764,877,765,873,-352,713,-198,-851,928,623,-377,-269,425
A 19 100 -78,266,-462,560,52,-901,-324,-831,-161,-84,284,915,675,766,909,795,377,427,-762,-904,-797,675,-280,-918,-768,-388,-141,-722,-819,409,-14,11,247,783,-106,411,46,835,-985,461,2,408,424,961,206,876,729,-561,-529,56,-855,299,-542,973,-293,-28,432,291,-828,-568,-71,276,251,-470,-169,774,-427,-947,913,9,89,793,-45,289,-570,745,613,67,-971,407,-581,-880,-695,-742,-411,750,-824,198,561,-252,45,-401,108,-649,572,-824,-882,-329,307,398
A 20 100 653,965,110,867,25,917,876,543,-776,270,-61,35,-294,558,-662,192,281,881,91,132,-461,-206,-794,172,-744,280,629,-148,790,560,-913,-495,-842,518,520,287,-454,-753,416,95,826,467,319,-250,-734,-917,481,353,449,632,557,992,-353,-513,832,-706,678,137,-32,210,431,225,-603,-2,693,-395,-287,945,-925,520,617,-782,693,779,593,509,158,-689,644,-657,-974,261,-931,320,194,123,-321,-64,-918,541,514,-235,-753,319,985,-129,117,647,254,-809
A 21 100 -197,-434,-437,481,964,-457,-240,44,-701,28,10,867,-739,-845,-957,894,-941,816,-296,-834,702,-649,-923,-628,320,1,131,17,925,242,105,603,532,393,-828,-3,-883,-832,460,-482,-9,600,-68,-683,162,51,-969,-678,-724,350,101,-516,-913,-510,333,285,729,-327,206,540,372,-264,-545,-117,27,435,-541,-452,-81,-712,210,194,-459,-558,-324,300,-371,-444,-385,-644,-22,653,-219,52,965,-834,323,734,240,956,-231,-53,-916,-279,-676,47,924,249,183,-405
A 22 100 -136,392,-385,-761,-545,5,804,-138,697,-616,-379,788,-976,-869,-476,-762,405,145,-346,712,-56,-376,671,592,421,-781,-605,-385,545,221,-672,-255,939,623,-552,-559,760,766,-40,991,-227,-472,910,985,-565,-433,243,-690,-531,784,96,463,-416,-189,258,126,333,-16,-644,-531,166,-862,422,-204,-287,733,-114,116,-263,168,-979,83,-429,-195,521,-699,-421,-885,-417,738,-43,-101,134,850,822,-375,-95,419,-793,-904,-915,-955,-111,767,-536,-780,931,352,264,-529
A 23 100 499,849,-561,-323,-158,-1000,28,515,282,766,-126,153,-112,-960,-2,-399,-200,-930,-499,132,504,962,581,-514,401,704,-841,334,229,795,-313,-247,-150,-44,-822,94,69,460,-260,170,-311,-612,-522,-482,689,-302,-251,15,97,-680,-247,291,834,-805,887,-755,-719,485,-670,-328,-742,-519,892,961,-818,285,195,-956,-444,-857,879,666,-146,326,156,541,-204,718,-504,-22,-297,479,-847,529,863,-491,654,555,-999,-625,-571,-749,75,-145,-314,965,630,756,479,74
A 24 100 684,819,-552,-489,-959,480,-481,-350,-199,-613,-142,683,367,256,67,822,676,258,633,291,943,695,438,504,-807,-232,646,748,489,-902,-304,599,-733,-330,244,462,168,715,290,-796,151,446,-307,843,-490,-497,-534,421,164,102,986,507,-848,246,-913,390,666,-479,-851,-813,990,372,814,690,-524,-218,-749,-589,-727,732,564,113,290,-969,-303,691,-638,315,603,70,-517,-721,741,657,15,702,24,530,515,652,-174,-28,-241,637,-33,-520,788,624,18,283
A 25 100 -8,635,438,255,771,573,116,-355,712,-566,-210,-757,868,707,-573,348,-906,-380,-668,-613,-84,452,886,-699,-792,423,95,-627,-642,258,-297,809,356,-443,-41,661,-191,-372,839,655,-934,-238,-846,-209,-334,505,-969,733,-670,274,325,366,-557,67,378,-67,-169,-419,-27,753,-564,737,412,651,506,758,-804,31,-863,951,-411,-799,-768,904,-68,714,744,372,303,-928,727,537,-187,-943,-158,85,-419,846,-319,502,607,949,-738,840,-525,-94,214,75,669,794
A 26 100 434,748,749,177,189,536,79,-726,327,600,-140,612,-204,955,200,-448,-751,-68,-120,-7,-202,-468,331,918,7,369,142,-644,-556,-433,-996,527,-422,-201,-870,982,46,-11,841,273,71,570,-650,621,-313,-101,144,-9,-15,35,16,-595,749,666,119,-172,-734,407,-361,475,-857,-349,-358,48,-568,125,558,35,563,-651,718,-836,658,-407,-586,764,505,-69,68,931,-472,970,327,426,62,869,719,-2,998,-902,592,740,-488,443,-93,-847,-779,301,-290,521
A 27 100 -210,-506,-819,-270,490,-739,-882,333,361,773,-176,63,-339,171,606,-664,-292,-21,625,742,-195,-408,349,-801,28,-71,-652,-56,792,-890,223,932,837,46,892,-533,-75,-137,441,435,886,108,-266,-348,888,796,-369,767,870,655,-948,-784,-937,-371,-512,482,96,321,686,405,464,-197,-738,-965,-755,-656,-802,-121,-314,415,514,137,460,-799,102,-980,784,791,964,378,-42,-477,780,23,-614,-509,951,-573,127,-626,644,-389,-393,-995,904,440,-540,719,-584,-439
A 28 100 -783,-599,463,-792,275,701,-166,902,-856,-314,-83,-236,-541,622,784,669,178,-796,-539,182,566,-726,571,75,-12,775,108,-799,-236,-107,197,792,237,-142,-675,248,242,-539,487,-495,-496,826,-929,-14,249,-955,-375,383,862,-800,996,-18,603,-902,-176,795,559,498,397,-680,665,386,-830,349,914,-445,437,-364,-234,348,-894,-100,-345,-150,-871,811,-536,-828,-13,564,2,-429,-148,401,54,-86,796,-346,-999,792,108,-612,-195,-346,-487,-544,-22,359,1,349
A 29 100 -383,952,-542,305,872,400,-79,-96,-178,206,220,-956,-337,308,0,-900,-185,325,840,248,740,826,285,-882,731,225,-330,874,-439,107,-581,224,-120,93,-904,-753,-507,260,20,-526,-820,939,-997,-697,-772,984,663,-854,177,923,720,-587,-8,-396,446,-974,133,-282,574,-745,103,-577,461,-191,968,350,-151,-535,27,366,-642,904,-607,215,-103,-653,-260,-202,493,610,994,-151,976,735,-385,-802,-938,418,-246,735,-427,-583,-789,-260,477,890,-551,774,194,-850
A 30 100 301,-647,-189,763,296,554,-685,-71,428,-278,-365,527,936,497,394,883,44,-201,370,703,740,680,339,114,66,310,-880,-139,-902,-481,145,228,-761,-883,453,591,-391,56,469,-899,819,-930,-580,-657,-91,-764,-579,-152,-857,-976,-722,-67,-58,-29,473,498,-119,636,-810,846,91,-280,332,-695,-183,181,-321,550,797,330,455,-940,482,-971,64,-481,520,331,822,-404,-289,72,595,-471,-427,-55,-851,688,-128,821,278,-154,399,-444,561,-226,446,191,328,734
A 31 100 854,-926,-219,-16,744,-964,359,-58,941,149,-516,-531,-56,-824,-473,-124,-195,-771,-526,704,33,354,682,779,-910,-387,-775,448,-753,-62,317,-584,821,46,797,883,-188,997,-379,202,846,138,-837,900,142,-280,614,228,227,-602,411,-400,20,-580,522,-980,274,446,630,-991,-673,-424,737,-458,195,-448,-649,-409,360,-153,154,421,-829,423,269,-297,-571,-139,-759,-249,943,827,974,-82,158,-500,-542,-127,-179,-95,-477,712,545,-448,930,-981,521,160,516,-455
A 32 100 -184,420,-77,-638,-109,518,478,-664,398,468,-585,196,489,925,126,-724,670,-363,184,-790,726,-357,-63,-949,831,840,-268,-685,-725,290,-702,119,-554,316,845,433,972,-699,932,-974,-74,-259,-135,801,476,-298,663,623,-125,-227,-649,-586,-610,449,146,760,483,869,848,193,-589,672,728,-511,-741,426,-950,869,499,-423,340,631,941,-453,788,-546,-970,-954,-538,664,798,-904,389,708,773,-539,302,931,-139,-715,-851,-82,-164,-889,-73,26,914,183,740,-238
A 33 100 -728,-731,204,-496,-704,950,733,-479,-156,470,347,-153,-62,814,-641,814,-311,675,951,-813,-342,913,-600,-897,-269,637,255,730,-41,-649,831,583,676,429,3,717,-771,-287,869,307,-632,236,452,386,-68,439,391,50,-423,-452,-109,-459,-159,795,686,-68,-314,867,250,-194,-932,637,-817,-689,-159,89,740,707,642,165,-324,404,-603,-888,-645,912,847,690,-421,99,-475,-4,-654,-667,180,516,167,129,-497,922,224,282,183,832,655,-997,945,-159,-899,-176
A 34 100 940,290,771,62,-115,7,-472,-554,23,21,395,337,834,-654,473,532,-564,-323,160,-186,-354,408,-599,-555,465,682,440,-528,386,553,353,-655,-311,225,627,476,443,704,488,-692,-922,-958,513,-405,241,-359,-655,884,-4,-69,899,268,714,-544,491,-355,-701,569,-141,589,-337,608,-298,-860,-539,959,-180,-441,164,-366,438,330,-78,-160,-736,-869,213,-945,932,565,-183,-634,313,242,-275,218,-228,949,-89,-617,-109,-512,545,-634,979,-420,-216,-457,-340,97
A 35 100 -586,912,-401,536,-117,546,-152,-554,762,-834,-848,-254,-774,875,-749,227,-419,-477,386,-747,55,180,863,190,524,80,-687,140,-281,185,-478,-439,-552,127,-40,-813,-475,-281,-617,-752,-396,-45,423,-418,692,840,-980,-995,-258,-262,-916,28,-495,11,636,-497,978,65,-663,651,-457,-208,290,525,-22,-508,-501,606,796,-108,142,-821,-114,385,-827,700,552,162,450,-610,-666,830,-492,767,857,-555,293,-578,814,-982,14,334,534,-795,83,-291,-213,-670,920,771
A 36 100 218,911,69,564,343,224,753,-136,879,918,94,773,-88,715,-231,288,305,667,288,185,-664,-421,-897,191,-321,826,-540,-955,100,883,-118,272,-24,-208,-891,800,513,58,-778,-540,525,773,-8,-519,-141,225,-65,-8,419,-983,-958,-818,632,-97,207,-725,-334,-150,424,198,-42,-494,-694,592,448,-237,121,690,-981,663,681,537,635,777,662,470,-637,872,-386,147,-384,215,-232,18,-520,903,309,479,-791,-407,-308,316,-981,-173,-382,266,-148,-845,-344,951
A 37 100 753,188,366,11,-33,-794,-576,-116,82,522,312,-20,-653,238,-916,501,-396,-625,539,80,923,-355,782,730,156,-302,908,-941,288,234,-452,867,366,-38,448,561,-730,-63,-566,-591,-132,734,241,-428,846,-531,-281,530,927,-291,284,-273,563,103,901,-201,852,-360,762,-346,967,-773,907,-8,778,-38,352,-793,-548,181,-451,418,222,971,-171,-175,-268,-512,653,-858,106,561,-564,139,747,-38,-55,-378,29,-102,742,595,35,914,535,182,-61,-75,180,-969
A 38 100 283,-54,815,851,359,221,-836,-668,-664,229,488,253,894,-811,-639,-33,-604,-694,531,26,-574,30,500,487,-52,53,-630,-270,-66,837,-146,676,-17,-214,703,-678,180,58,90,539,97,-727,-276,-793,491,-27,-425,-551,236,-762,-912,-809,-251,-508,848,474,-953,874,797,-474,-630,683,658,-206,-453,-264,781,69,180,531,284,-745,-470,-572,528,561,-831,-692,511,356,149,-838,391,553,-751,-161,605,-138,341,535,862,855,-275,117,614,-940,-849,-530,170,-635
A 39 100 -682,379,268,-807,442,186,919,722,-899,-674,-667,-652,655,-874,-648,145,546,-125,247,-734,-452,-39,808,40,777,434,840,972,-757,-547,895,-455,13,276,336,365,721,-240,964,255,-68,947,-101,477,-861,609,245,946,-230,702,228,-510,-762,-540,-738,-665,-642,-266,-238,501,-243,-725,-473,-55,-910,385,-124,200,-311,280,-685,309,936,241,430,-877,-588,65,-560,403,-660,-746,175,-224,-638,-714,-974,-596,883,442,776,-175,-580,-640,875,919,383,156,-821,-314
A 40 100 -233,-316,93,-959,-758,992,-197,738,79,-122,-34,538,-991,320,-444,303,-665,-727,722,-739,94,-383,-175,300,273,136,478,466,782,-814,-177,946,427,-312,-226,-916,-300,-712,382,128,-323,92,869,351,562,-67,-491,-977,-78,-518,-789,214,-666,163,415,-663,-120,-629,-413,-993,-855,838,-868,388,-544,-300,-557,-289,696,310,138,-25,921,-789,666,171,-555,-558,674,919,-728,824,-515,-269,794,967,-975,655,-778,-417,321,995,81,-819,958,-137,-89,-822,712,-419
A 41 100 780,-146,202,258,701,860,-98,-518,-347,521,-260,960,-617,-326,491,263,-79,659,-47,-146,84,-920,-753,764,840,366,-744,-488,415,946,133,-967,507,-88,-712,-158,-531,784,364,308,717,-464,664,-699,454,-266,987,-794,-837,-696,410,-802,-298,144,-344,572,440,279,-615,-793,817,-943,342,-563,-539,-865,-830,-291,-977,-788,-571,-171,-240,720,622,253,-894,-661,-78,561,-760,67,780,-707,-748,598,-972,-389,959,301,-207,-820,-480,-684,-640,-399,-543,245,122,-931
A 42 100 -476,698,-899,863,127,-300,347,362,229,797,558,418,-84,-890,-422,-31,502,70,-695,759,71,240,12,-692,-59,387,-873,-824,-550,437,24,373,-772,519,-922,-183,-827,127,-873,-234,779,-215,823,710,-338,-284,366,408,79,-347,290,-739,434,-967,883,423,-710,-619,429,-152,-677,956,36,-209,573,558,277,849,538,-325,-877,516,-462,252,573,923,-967,-363,-28,600,248,-205,976,-356,120,-65,-121,-456,-194,91,163,414,592,277,249,-834,181,-14,-91,-260
A 43 100 65,-385,761,543,-337,820,-566,820,-870,267,-166,-961,360,470,21,272,-361,-910,-667,-257,-319,170,827,194,-989,210,818,25,366,17,-242,989,-499,505,-203,866,58,-198,36,616,622,-9,877,559,-537,-669,117,-435,455,-998,-315,348,-387,-397,258,546,-936,968,849,85,-672,564,943,337,250,681,852,-78,385,-705,-973,638,288,678,-365,32,720,-815,-195,-304,-373,884,344,-399,-267,376,475,754,22,-790,879,-957,501,502,-7,754,617,50,-577,-983
A 44 100 983,-355,225,942,133,845,211,-792,751,729,-23,-453,352,-858,600,820,454,230,766,596,-424,263,-215,-337,298,338,552,554,740,646,-170,-106,-763,374,472,731,-888,-77,-839,-973,712,-399,-299,674,482,405,675,694,85,502,-407,-879,-722,66,260,87,-848,598,-743,-241,327,447,724,-661,339,-519,733,596,437,461,-601,-69,395,-89,89,919,959,783,212,659,895,-599,986,441,938,-890,-138,600,651,421,-249,88,926,294,-356,448,-332,-796,-251,650
A 45 100 870,368,-879,-245,-573,227,662,600,-762,-767,299,129,-789,-627,-101,145,-434,-119,846,739,-224,-945,886,-859,674,-212,-480,928,322,-643,771,-265,-895,-192,317,-351,-730,-991,327,-611,415,714,517,965,-387,-249,303,671,75,35,20,79,-369,918,-443,520,-136,269,-248,-758,-311,359,-337,691,-415,-254,-106,598,810,119,-173,-16,-116,-402,-793,672,-233,-528,-640,908,-514,-135,28,-239,-227,-86,-398,866,494,497,-550,-675,513,553,503,725,-813,199,860,-215
A 46 100 -155,80,684,-619,525,835,160,-271,-381,606,-18,863,-481,794,-672,187,82,-763,-308,-860,643,-40,-748,84,549,-685,-670,-728,-359,-732,-875,-482,817,-13,-117,983,836,229,811,-85,-69,242,-816,-705,-918,256,-712,791,882,-407,360,19,-417,539,-884,-756,-392,-529,-148,833,763,156,130,-536,369,-907,918,600,751,345,-227,-730,236,760,271,581,228,716,-60,-651,431,509,-10,41,41,-14,736,-535,945,-967,-357,960,244,875,-383,567,-316,988,-650,558
A 47 100 -533,718,-216,-979,-19,-80,-313,755,926,-213,-605,-650,-889,146,569,488,326,150,-43,223,-201,595,267,-509,776,871,687,-166,949,491,733,-403,-723,941,-982,-944,-96,174,-736,906,995,334,736,-895,218,-81,578,549,509,488,-747,-604,-471,523,522,121,-26,-732,985,323,-941,456,844,-576,851,-728,-828,-404,605,599,-768,373,-906,-103,169,-563,-428,743,561,73,654,-451,344,896,-605,214,140,784,-384,604,-65,417,-927,363,139,-835,-26,63,139,-72
A 48 100 -163,-720,-45,-313,572,-34,-306,-361,-565,-249,-509,280,170,-577,31,-902,156,-453,562,62,-635,-143,849,363,-490,-828,-243,405,-957,-8,492,716,365,745,813,-376,811,715,877,168,-379,954,57,-789,-903,108,-832,-119,-415,845,87,188,-215,-343,-881,-574,-338,-593,-70,-307,-561,646,-933,181,857,787,-829,352,33,-474,-568,-700,179,835,-676,-807,545,-179,566,457,726,-102,380,251,150,-484,-654,476,-956,-377,-409,791,738,-334,-153,250,897,187,377,-455
A 49 100 -163,-653,-898,-366,211,-318,751,960,-151,826,-219,-289,832,397,314,288,893,-715,-446,786,-765,-571,761,210,349,179,257,689,18,-104,17,-102,987,598,-441,-292,625,-940,93,-762,-661,-860,811,752,991,369,273,-170,-943,-141,846,-426,324,142,-128,-957,-326,-95,-676,719,213,181,-318,442,-940,168,937,783,184,747,345,-886,-420,-343,-587,-740,902,871,505,5,84,-503,-95,-851,638,622,-60,358,200,157,607,876,277,-366,902,0,489,-458,-944,-114
A 50 100 -740,728,-89,509,-203,-732,629,-319,-462,981,-116,-843,-946,-462,98,409,408,187,-181,226,155,285,373,144,414,752,945,938,-577,-497,839,49,-424,730,504,219,999,-657,303,726,322,476,-527,-655,457,0,551,212,-377,-935,-217,733,203,583,95,543,126,-155,997,525,-591,-702,436,208,683,-541,987,-677,420,608,-274,550,476,-293,-606,434,252,-93,-339,-623,396,-680,406,72,453,-565,60,946,-114,-39,-645,-800,-253,-933,161,654,-813,613,272,-874
A 51 100 -285,-573,-527,-872,-894,-561,-341,540,-926,-124,-958,680,-551,-98,-752,-135,-395,-490,705,317,545,-845,-897,-731,588,327,904,-390,-911,-169,756,13,-378,-548,-721,650,-603,-434,-798,257,193,530,649,631,241,276,44,963,-611,-868,-64,-331,87,261,-482,412,711,-556,-996,704,423,-539,-931,163,-156,951,-246,165,445,376,168,-330,870,999,972,-357,536,405,-454,604,501,-646,-474,-632,604,614,-964,427,746,159,190,483,9,811,130,-982,821,-333,665,-825
A 52 100 920,-467,-115,-288,13,613,693,395,590,-675,43,366,-673,-946,589,747,550,859,-821,721,-318,-581,-653,626,939,-639,612,610,-713,224,112,-443,738,846,-524,922,-918,592,-487,-751,680,-844,-762,-203,-160,328,498,-219,570,547,161,-477,-355,-410,630,-933,-467,-922,542,-200,864,606,-573,140,-965,595,-400,-267,-567,340,-938,395,473,27,-651,-654,-313,526,-149,-118,-974,500,-772,493,-461,292,-35,-414,-903,-936,229,477,-413,933,-536,335,-455,595,-38,329
A 53 100 -377,-920,-644,-955,-271,-797,-798,618,860,-194,492,-290,552,474,524,432,528,-240,624,931,-521,945,61,971,803,301,-711,-597,-311,551,-17,-677,-108,-1000,107,-721,984,495,570,-110,497,-610,-623,825,610,-902,-997,-365,-807,118,155,391,958,881,999,373,-163,443,639,85,-3,397,621,-137,861,197,-548,-214,575,395,-871,-902,-553,257,-527,938,-798,-938,265,119,-571,-217,-721,617,644,659,748,67,525,104,-139,-69,209,699,77,-161,-896,-32,-2,101
A 54 100 -454,30,-255,-515,610,115,-217,10,-681,294,-326,-812,-646,-396,-868,603,811,-336,-42,-573,609,-92,89,-183,227,-565,-716,-761,498,-567,35,-277,-649,-585,-94,507,746,132,-273,-147,899,830,-217,506,652,623,719,853,-453,318,29,983,-937,839,-932,364,327,585,-573,-991,255,194,-64,-894,744,-568,-722,-647,-87,509,105,-39,-917,-672,-739,-112,-234,-12,-717,-972,-391,188,710,-318,-281,317,-485,888,-880,132,60,-552,760,38,-347,-60,11,976,-260,-314
A 55 100 68,-340,-7,-635,-126,596,163,46,609,-112,414,-892,-180,-94,486,-928,-840,-994,957,777,-189,-184,568,-796,-511,-898,-641,-636,-905,517,-332,176,169,-107,-339,-738,-202,-715,311,-885,753,-176,542,74,-750,-512,169,-701,704,-712,-311,-600,-276,661,871,365,-420,600,669,237,563,-206,378,-955,-124,-156,49,857,-676,293,-698,71,874,-319,856,175,880,-574,295,-185,412,-573,-774,-417,19,908,942,213,-447,597,829,-860,490,816,315,675,-351,-39,808,925
A 56 100 -806,315,843,-215,776,991,731,-952,604,-989,676,-795,-519,757,632,237,77,-666,862,495,505,-248,-265,835,305,876,-809,272,607,409,-537,272,-814,33,-613,-204,85,9,-593,-48,-527,-472,327,-32,923,-281,-825,82,906,954,152,-91,-510,-35,807,874,593,-763,648,660,421,636,-94,0,108,-927,-926,340,-914,454,932,-494,-757,-829,-765,-158,-357,551,523,303,-167,-472,855,-526,-328,62,-360,-748,-343,-667,988,-178,705,103,697,-200,-480,-567,660,-309
A 57 100 788,348,-801,-378,201,120,-65,804,392,-99,-175,948,313,-469,917,-257,951,-310,-771,469,592,46,996,992,-449,-964,-221,484,-493,957,54,-601,-224,-357,-266,468,-891,-774,-413,-503,-401,-685,490,129,-936,-863,253,891,738,901,118,-246,-755,-572,-993,263,-916,382,781,363,-178,-466,-843,-185,-695,393,108,-579,-255,-872,898,431,996,731,686,-555,493,-610,476,-301,-451,645,99,-196,281,357,358,192,-577,-315,-685,-515,-758,-555,91,-21,875,368,306,294
A 58 100 876,68,-53,583,-725,759,587,-568,303,-306,-939,393,890,370,-902,464,-470,697,949,-405,-78,-451,105,538,466,12,-505,-119,665,-486,-172,475,-407,893,372,412,-967,661,-406,773,298,959,868,-660,916,456,403,-182,787,88,800,-677,628,215,625,702,-442,-594,405,536,-964,-187,-117,111,-339,-489,-778,178,-561,-651,587,521,8,101,-761,-114,670,596,-393,606,765,563,720,892,-561,-106,-464,-240,-876,40,-324,317,404,937,94,-581,736,994,81,642
A 59 100 112,-77,897,-167,-669,-729,63,183,129,-417,-426,-920,-104,281,779,484,-574,531,826,-261,851,176,309,917,-32,-20,157,-823,-605,-854,-251,752,658,-303,10,-942,-11,-310,-555,-108,792,-297,55,-385,-169,395,522,-637,477,-584,-47,-406,857,-907,507,471,183,-103,28,221,-635,-654,-112,202,667,783,-758,-650,-217,-692,-35,-587,704,-235,76,820,-293,321,-154,-898,940,677,350,-448,-660,791,158,-23,925,787,609,-107,980,745,78,554,-554,-888,-975,-208
A 60 100 826,-288,-758,-932,421,-108,855,-658,-940,-759,-605,518,6,209,-148,-630,-834,-384,876,-536,-47,-966,-437,209,-635,-210,-424,-979,-753,-584,-620,227,-863,-904,606,233,-737,-388,-2,153,520,941,243,454,803,-617,401,-235,-532,93,-475,447,347,593,446,-781,-755,432,227,-119,965,541,14,-935,-1000,-800,296,616,234,21,173,-925,-400,-31,604,232,857,245,-634,-763,63,415,828,-552,714,-53,-457,292,-725,-244,125,-405,-486,252,540,25,183,-78,-451,-609
A 61 100 -94,384,585,-946,913,-81,-429,-513,-947,313,386,285,162,-997,-919,-60,-842,-59,205,-199,100,141,-424,-578,254,706,714,781,24,996,-292,109,-624,-44,830,937,-192,-221,-884,695,-76,-599,512,-431,-729,927,302,73,-264,787,-781,412,-312,207,-664,-682,657,573,-673,880,-766,208,277,22,-128,-21,-935,-213,-352,-321,252,275,-754,105,945,27,693,383,834,998,819,-855,470,-328,-850,-96,90,-139,-595,-6,-155,-871,286,354,-227,234,-885,303,957,-666
A 62 100 -713,-871,73,-154,-179,837,-792,162,-882,19,-950,865,862,-319,-618,672,780,-942,689,701,914,-462,622,-97,956,-278,824,-497,486,-794,-477,801,813,-457,782,-755,-115,-245,-171,-752,703,-1,605,850,-394,471,-303,512,-659,-57,470,-924,370,-82,697,-194,481,5,666,962,-619,-625,-344,-692,914,141,-856,42,154,488,-681,-777,620,-52,610,483,63,200,-627,-483,-885,464,641,-160,-142,-545,227,815,-692,562,40,801,768,120,131,-440,599,-803,-1000,-819
A 63 100 733,-248,-397,-920,557,-934,970,159,74,-775,319,-692,-340,-338,93,358,467,-445,-360,225,-151,174,-211,-442,-447,-427,-91,-85,-725,-502,341,-165,716,883,-82,163,234,-586,870,237,-481,-393,84,33,-640,725,834,950,14,973,955,-59,418,-432,-157,-501,-419,433,-958,-246,377,-693,929,0,854,-936,491,-495,-314,554,-175,336,-878,-953,14,-580,-586,-689,-567,262,-563,822,822,-805,-954,-819,781,-44,284,-521,354,565,659,-914,421,-693,-521,-515,-487,338
A 64 100 836,-895,482,-948,488,616,-889,-851,-337,-296,994,653,-457,-670,954,-486,670,-965,463,-276,-297,951,491,-91,-517,-381,-196,953,410,-3,513,-829,-347,-863,-844,901,-509,-521,395,800,-467,800,218,-306,911,206,303,-332,158,-180,46,198,-116,668,668,-394,847,384,-224,-760,306,531,-514,804,131,-896,-674,-292,380,797,459,-343,-762,530,-185,881,-791,144,-214,533,576,-947,214,-90,542,380,341,84,968,-764,-2,-603,-616,-124,577,-764,-345,652,906,-750
A 65 100 425,-755,550,393,-404,-174,-596,-231,927,167,903,-554,166,-310,111,-144,444,448,-108,-124,260,305,802,244,-232,323,-581,723,-640,-759,683,302,-62,-336,-907,538,741,433,-136,-756,-483,182,153,-927,861,-739,-16,-512,-590,-520,394,-929,-63,-931,-818,-906,446,539,-697,855,853,504,912,-631,-554,959,-241,-594,-801,-753,-763,6,980,304,-549,928,240,-736,85,252,290,134,-734,-862,-799,272,339,-291,-741,802,-858,-40,-684,-654,-326,183,-677,-50,-62,-669
A 66 100 -628,-827,78,539,-462,596,-951,-545,-939,43,-841,-948,461,-366,-573,590,-968,112,930,-402,-350,232,648,-173,-736,-379,-865,-334,-975,-26,181,345,-44,567,-275,-676,596,-246,-970,709,-99,349,-424,902,-997,250,984,-8,-566,-259,-467,82,-243,162,-590,-801,674,-503,-948,645,-279,258,-716,354,936,-208,-466,766,165,403,-658,936,-88,127,-229,963,-229,-372,-121,-495,-502,-427,308,367,-889,193,194,-777,-875,188,250,186,-740,476,724,520,566,392,-934,-301
A 67 100 -320,-17,-104,-351,-742,320,-557,982,774,-347,644,-762,139,-823,-511,692,-724,-439,-578,76,-33,829,-614,915,774,50,-402,462,366,876,751,-85,946,-632,-245,688,132,817,310,-110,110,435,-734,52,569,-481,-277,490,498,-776,-798,-827,22,-392,422,446,-446,761,-314,-461,413,-738,874,-410,637,23,852,-456,-140,-22,-28,488,-329,212,-605,-447,83,-827,-974,-107,-736,616,583,341,409,981,300,-820,-640,-16,-278,172,-166,388,-913,420,-343,114,174,-407
A 68 100 -956,486,-398,548,-670,-101,-13,520,521,931,-531,269,-8,-615,65,-60,146,332,264,802,-735,891,450,-730,-352,-379,-77,-902,477,582,787,-9,507,-235,760,373,-989,547,-816,275,-317,-654,307,-45,607,-986,46,-804,267,-405,337,-656,-530,-43,-610,941,-205,-403,-245,104,-575,-2,-806,-222,-982,-431,554,-903,-480,-148,638,281,890,1,226,417,505,-480,355,-39,-821,852,-921,-751,647,227,-397,341,-960,79,-119,473,397,717,-751,348,-854,942,-668,-142
A 69 100 -107,-387,254,-113,-616,-723,952,795,-839,-191,361,110,47,-152,614,-20,167,-94,51,887,665,-684,-284,-853,556,-823,437,351,461,579,-721,375,898,519,-855,-219,-531,49,-838,-40,684,-695,351,110,-255,295,20,-625,-527,709,-396,263,-390,-234,76,-801,778,-363,345,246,59,-2,-158,-442,-782,-629,-103,883,240,744,448,-203,926,987,866,-182,-179,-556,940,-625,129,118,-951,336,845,-616,-708,-79,970,-757,-271,-184,849,-864,824,-660,-564,973,137,747
A 70 100 -608,940,529,-147,-153,138,648,-609,715,586,213,-224,-719,891,137,-695,951,-495,676,-409,66,408,-508,-567,-926,-252,-593,-493,-345,623,527,-159,448,736,40,-232,887,179,35,-302,906,20,-577,-791,429,79,-909,-274,329,317,-87,-966,-828,817,509,-498,975,-229,-400,-166,-173,-918,373,-466,428,-722,839,-808,-924,-230,479,-486,385,788,695,-805,15,-669,236,935,-55,693,-608,-184,618,-963,425,-878,707,895,926,546,171,-985,901,494,-173,963,-917,-663
A 71 100 -691,556,-960,391,870,-129,-52,-805,868,-564,244,-739,-194,-553,-225,145,244,362,178,149,-783,-723,-862,449,854,599,-154,-358,877,-557,499,-185,610,-260,157,905,260,633,111,456,-473,-141,-560,-251,196,112,784,-369,222,-704,443,-860,-800,-556,-559,-121,174,793,-16,366,-296,384,-302,678,386,193,133,313,-526,-47,658,526,-86,22,-840,-605,61,665,-959,-854,729,-299,-800,483,-97,-114,-695,791,630,-51,-172,-266,963,-690,-762,817,-521,-878,-334,673
A 72 100 412,-541,703,-205,-243,196,-664,457,388,367,426,955,636,872,-544,-586,-140,-387,165,-885,699,585,612,194,-82,-959,-684,-754,994,907,-506,340,653,-539,742,-883,-607,496,187,153,288,929,828,-522,-610,-710,-493,374,574,202,582,-676,276,-670,-433,681,599,608,-480,864,-611,-990,-683,30,-628,-946,-537,-534,-694,490,36,391,-955,391,169,698,-356,-185,299,101,-356,-996,312,206,-647,-879,-765,-226,451,398,448,-422,-965,573,152,311,-464,279,-824,846
A 73 100 60,470,-227,875,498,-43,-237,431,934,-670,-616,441,-791,502,-973,299,671,-64,544,-142,349,-22,820,-535,-431,-638,-923,-985,58,16,646,-188,330,768,-563,-33,608,559,-361,-651,157,-446,-357,254,144,223,-489,-428,-352,-612,-584,-763,669,-202,-448,181,-873,-807,-59,26,-941,913,453,-983,-910,376,-419,-219,-530,-468,-522,-462,-572,300,-35,-265,-254,-749,155,581,-169,359,564,669,661,867,-341,-254,-952,-425,-681,-190,-357,848,825,-612,-516,533,633,691
A 74 100 -126,-102,-737,-860,-85,-546,569,870,-472,-499,-147,235,121,736,-332,64,716,-313,-863,-394,703,48,523,894,-661,333,586,-419,-481,767,14,754,114,650,669,-736,202,-921,-657,930,532,-30,-149,-739,739,-532,549,-118,504,-868,925,741,615,-885,63,-127,791,963,648,540,-901,-648,410,-120,814,-331,445,805,-366,-391,797,223,-451,173,824,-367,-512,625,-684,-694,375,-730,-810,-327,693,530,-367,775,100,-92,192,-890,737,-944,-929,-241,117,314,-103,-216
A 75 100 -711,-792,342,-213,-724,-161,-498,716,321,-356,-714,867,709,834,-830,777,71,502,-895,401,-944,-102,-665,927,573,990,914,-218,-25,422,-105,-62,-29,-675,-993,292,693,-589,96,-875,-927,822,-556,246,-976,-931,-246,-7,-160,-764,-255,273,-345,968,-344,-57,94,117,116,-360,-828,30,723,-157,-935,618,-200,680,-291,203,828,-953,-4,-820,791,-620,-875,217,71,-859,768,-319,-797,267,-563,546,451,873,-834,-814,736,-473,509,318,-99,244,-286,594,252,143
A 76 100 619,161,-596,552,-321,-400,307,-279,-861,791,-781,337,-807,264,1,808,178,811,-986,-595,943,-286,222,-353,3,957,-488,-798,793,-809,-818,-424,210,-136,-780,802,755,-679,-355,-489,897,843,-988,652,-316,-337,495,-774,259,-588,-206,202,-712,-156,827,-632,-118,95,671,719,-192,-993,-982,-566,119,635,660,-140,294,616,517,760,704,838,381,-819,975,1,732,354,-21,-314,254,-885,698,-231,-537,91,894,963,531,115,583,-787,861,-989,113,643,-102,554
A 77 100 875,-819,842,-608,375,951,-794,-258,-334,-740,-596,524,-148,593,67,-40,628,718,974,-76,220,-451,-753,-207,-530,747,258,-223,277,-938,-156,-708,33,-587,526,-615,205,-942,-487,110,-286,780,457,252,-513,-563,519,-576,723,18,-100,-598,925,751,-301,-210,-91,-99,255,940,-468,311,-221,-422,354,-819,-41,-660,-316,983,-429,128,-348,223,252,-628,-99,425,-656,25,867,840,552,-544,-983,-383,-962,955,-15,-940,-149,-638,-560,-421,-751,-37,-151,-625,937,568
A 78 100 334,282,859,-828,664,-390,636,795,-946,887,616,321,-196,-44,850,538,-645,-201,-200,912,-931,-767,-483,881,-10,-768,856,-476,-753,-922,451,170,-99,850,396,-497,580,576,494,-668,811,663,-815,162,-140,975,-941,-416,-491,-184,-574,531,736,182,-352,-888,281,-147,-885,472,545,924,441,-331,2,769,-447,329,-742,-637,-390,-909,860,-176,-739,179,-136,-396,231,-508,-881,305,-604,-485,-44,-460,-712,481,849,-46,717,883,-882,615,596,-123,897,217,527,220
A 79 100 -744,-118,281,-990,-657,-420,-844,183,-118,-933,576,961,231,-38,-426,-25,-363,867,-185,85,992,580,260,778,766,-794,-31,38,275,-719,568,307,683,-909,89,162,101,556,-876,463,687,268,-784,-943,624,795,-433,822,-691,-591,169,975,598,797,-821,368,42,-515,-331,-124,302,-884,382,-421,-713,-568,300,360,617,-896,510,-399,470,946,987,-832,-658,568,371,-463,-432,944,-793,852,-893,-288,151,-729,971,-48,-122,-786,-347,848,-242,-829,301,-682,-768,454
A 80 100 -992,956,-352,921,597,-147,262,-864,-890,-67,-949,227,-57,-664,-971,-477,639,-58,483,-988,-960,-349,752,964,-314,-726,-541,164,662,-787,244,493,-15,-985,990,-481,-13,21,353,452,-198,-193,351,457,416,405,-428,606,-595,198,-445,172,-864,142,-267,-207,-817,-613,-2,137,-785,-571,-985,-698,-112,12,-324,-727,778,-38,-96,-804,949,559,-679,-285,-460,-866,855,-112,-247,654,-435,885,513,-904,988,256,4,-575,604,-795,966,-987,-723,997,414,784,884,240
A 81 100 -228,-523,-51,-908,714,458,-774,-173,382,248,525,153,-24,-834,-950,652,172,753,-840,-615,850,-186,-565,168,240,498,670,-353,546,-395,-720,-930,-954,312,-554,915,913,106,654,587,-966,256,-739,776,712,-683,478,737,-231,-632,60,788,-384,-356,-419,983,836,240,-497,-815,770,-715,-782,-35,89,265,824,459,204,640,-932,-206,-617,466,-634,-114,215,-891,972,496,-149,-328,902,127,291,664,-44,-191,544,-803,-324,627,-72,-443,-354,83,381,659,-615,415
A 82 100 -872,-29,182,135,-286,330,994,-112,-586,381,232,-906,-181,649,-173,25,-299,786,-407,-817,-767,581,793,-395,-841,-790,937,851,-131,891,-676,-247,716,30,-663,-560,-921,392,-818,464,456,-46,-566,-270,-418,-570,742,-433,-747,-954,889,-762,-136,164,548,711,856,208,-535,-717,-138,-897,370,-557,-503,420,-415,310,466,-546,-292,-275,-675,159,-285,-929,-563,195,629,35,228,346,-387,-368,-877,-368,-131,-140,-629,577,-671,-48,304,-752,959,243,-275,-888,325,532
A 83 100 371,-136,38,192,19,804,498,723,-15,165,-967,-553,-866,961,-814,-813,-216,-533,-753,52,-252,-70,620,442,994,173,-41,-470,902,935,-794,-225,858,-813,563,180,456,561,255,941,-551,346,-813,274,898,-16,269,-58,755,137,-105,222,-566,-58,610,909,-767,690,123,-194,721,256,-661,732,857,463,-987,255,-232,768,230,-864,-90,916,-602,209,-794,254,887,7,197,-186,660,444,-450,-117,-792,-105,-683,670,-235,82,384,864,-314,-747,-793,-837,-149,292
A 84 100 -414,-355,361,661,-175,-440,810,257,584,487,722,-764,858,-280,705,830,77,-750,-246,424,46,308,303,556,44,531,-596,346,-285,-347,-990,-289,-494,250,-264,-894,-19,-365,379,857,112,487,-520,-808,984,-740,277,-220,127,239,-730,-585,-132,6,-121,-320,-402,647,-262,535,491,-699,-917,978,-314,-224,-794,-517,766,-182,0,-529,-59,-824,726,-54,967,703,374,457,105,843,-770,-387,119,-13,-173,-880,-897,-54,244,647,327,-953,-44,-863,580,-117,636,-392
A 85 100 -250,-869,-379,-888,-987,977,935,-624,-815,662,330,515,-925,-5,-145,-559,853,55,-282,321,729,-635,665,278,57,-198,-703,522,822,-213,-212,-33,-647,-257,-2,-589,-838,724,-707,778,321,569,-563,-540,390,-873,127,118,-668,-968,808,-920,211,-566,-379,635,748,-852,887,-972,952,-358,750,-930,-273,-152,-978,129,-809,164,-292,-424,-973,310,-559,365,-598,-756,671,-850,-107,315,250,217,-720,-382,530,-999,-314,-313,160,-40,825,-579,-950,521,-169,629,-908,-446
A 86 100 762,392,-332,180,270,378,-839,-655,-85,832,-522,-664,-1000,229,917,331,48,931,-220,925,762,7,-352,540,-64,678,144,-34,981,-407,-146,-690,-311,894,-407,383,-53,900,-550,91,-755,944,-533,216,-532,955,548,602,-464,491,-483,-406,-53,-259,-202,-293,391,-934,482,-720,-637,-555,600,-957,698,196,-958,436,-917,-496,-753,20,68,-822,347,-566,625,-64,358,349,23,937,830,-231,-550,156,153,-909,541,-795,-882,-807,285,-373,-130,-821,738,-877,-488,47
A 87 100 342,-997,520,-157,-195,-24,-798,248,422,-575,-243,-891,-366,34,-762,-221,-959,-216,-866,-5,309,-306,-720,-761,959,-477,-29,-858,-966,-559,-823,-626,-927,527,411,-989,432,614,887,417,-440,-237,502,343,-80,-104,292,391,-519,860,-105,-408,-237,261,155,-900,502,33,530,-805,773,-637,-743,117,-38,839,916,-903,885,-325,-559,625,-300,-551,670,672,901,-107,-497,693,-821,221,268,591,-985,937,-93,-415,-247,520,-450,-849,-788,-246,716,-717,625,-416,144,611
A 88 100 320,-513,-347,-234,693,747,-274,-578,47,-786,-327,-352,-899,529,183,-864,-722,-335,192,-400,273,-960,463,-217,56,546,806,-159,-944,166,314,805,909,515,-206,-426,-138,-728,-184,-378,637,820,-778,-443,-643,-336,-18,915,132,12,-783,-391,-749,340,615,899,-48,609,-919,195,-966,-357,431,-889,-432,515,869,-694,109,769,-342,950,-637,713,-422,-767,-583,642,681,-248,145,-729,-162,309,-35,-368,620,-314,454,658,222,59,-607,671,265,38,-111,-226,435,-960
A 89 100 -247,271,-847,-68,-844,-144,927,763,982,991,698,967,-971,267,879,535,174,-862,162,-78,-869,-821,249,640,321,-688,-616,-179,576,-951,611,-185,-172,-932,489,-563,-689,-950,782,469,109,-1,568,949,878,463,601,-458,-249,532,-873,321,565,-593,523,653,47,881,-863,834,-776,50,207,-212,350,527,-855,693,-611,-675,-764,-193,-339,-2,-842,219,85,-644,-519,880,-884,888,-928,425,-125,649,-612,921,823,-533,966,-898,899,940,-153,-819,249,-920,-219,-553
A 90 100 450,-13,917,7,476,-766,-511,32,-579,-804,-609,-633,744,327,-564,-473,-45,727,-458,250,-332,-189,538,931,-577,852,-961,-116,-169,-322,-463,-412,-165,542,-718,-717,949,392,-7,-309,-184,-397,2,865,512,969,471,-172,-722,-690,-19,456,-19,432,847,254,580,-26,-584,-702,679,949,587,603,-49,-522,-441,-14,-819,815,-177,651,-526,590,-942,-878,-844,-204,402,-115,298,-599,909,97,324,245,920,46,831,447,-88,448,34,51,811,-664,816,26,-7,-95
A 91 100 -807,-971,-108,-292,195,211,858,236,-418,-647,123,-389,593,-663,535,319,-660,133,10,-86,574,-63,-54,-306,-712,-823,684,-981,757,47,43,388,-760,-196,946,-315,-402,667,-986,663,-869,-407,915,-712,-948,-384,315,-456,-655,990,589,241,-405,-143,-385,-110,956,88,813,796,571,-988,-511,355,-935,240,-203,545,557,721,744,324,-857,646,534,-933,-84,968,473,863,-617,-748,292,445,445,-818,-308,670,-938,816,-992,343,-480,293,-386,997,95,-863,-4,105
A 92 100 162,968,417,-340,682,479,-74,-712,208,548,-575,-395,441,-884,-166,149,-95,931,-318,-171,408,7,-80,-556,-486,-330,-587,397,727,-871,-461,-451,572,651,-454,-955,163,111,-600,-564,-377,-652,-858,-240,-5,-977,841,-880,-860,746,-339,-407,-7,-849,-906,639,260,921,950,777,467,-929,532,-795,-838,-805,853,-452,-147,258,157,686,-645,-365,64,-126,98,-676,777,953,-278,14,879,694,547,719,971,-122,-804,-6,-478,751,45,113,-437,-45,684,-24,-74,-328
A 93 100 -352,-75,-243,-839,-966,374,566,727,279,-227,-516,-695,796,904,-196,-679,976,230,-37,637,-545,452,-160,-457,179,252,674,395,873,772,-310,900,6,-963,685,-705,-770,12,469,748,370,-838,659,-316,473,-28,321,-266,859,-778,238,865,540,-302,-957,302,670,790,-339,-29,1,777,-732,53,40,37,-225,247,-530,33,-393,80,768,-940,-738,91,808,-536,287,-222,-895,-211,-935,-272,-362,56,-933,-446,-66,836,-790,-594,167,107,976,-973,-212,-493,-16,-781
A 94 100 -322,117,166,-854,-73,840,-924,246,-972,-765,44,546,-630,-98,-685,-105,590,-126,-733,278,51,238,702,-530,-676,784,663,160,-500,868,-500,927,-4,-849,-62,-630,204,-886,-55,-402,-864,-626,-613,239,-157,884,-735,-575,-414,-717,861,-861,837,431,741,-731,950,-376,505,-854,278,740,-594,381,-140,-158,-438,-50,-306,134,-523,816,-420,874,324,-881,299,953,-502,391,-282,-963,-210,-984,679,-161,-680,696,694,-448,365,318,-499,316,742,-671,-605,887,-957,482
A 95 100 588,694,239,-340,180,-73,-618,-423,444,523,790,959,-259,-618,160,820,428,-763,828,-54,-718,623,341,773,-633,425,953,255,-489,-35,498,912,294,359,820,-975,-558,386,-505,684,-592,144,-475,105,29,710,-869,-127,97,194,369,-175,78,-257,-271,-503,548,313,-542,71,492,524,569,-272,-956,-422,687,-542,-348,360,903,-135,411,45,-814,833,489,46,-526,-14,-394,-250,637,-206,786,489,-109,-742,-532,628,836,431,-340,-470,481,877,462,-247,-500,-160
A 96 100 -727,-936,-303,520,-293,-753,-426,463,-849,828,101,337,887,206,-33,791,-509,130,330,-818,786,3,247,561,817,-360,517,703,-912,-606,-649,154,30,210,-875,135,-599,468,886,561,13,-464,-16,-567,-738,548,-93,170,-619,794,847,-814,-833,48,852,-59,-396,-696,530,117,44,-120,281,688,-28,167,-138,-624,-367,-747,-451,55,548,-211,868,-823,-505,-298,-90,-698,567,516,-901,3,374,163,278,-831,821,-25,-871,-214,-693,258,567,105,-900,251,153,508
A 97 100 491,-449,66,-128,798,-955,828,-7,570,-642,410,-928,-207,661,576,-128,409,-213,-415,994,-343,222,-698,435,-815,-159,281,411,697,-379,529,-971,-334,7,459,-527,83,103,0,-686,-417,384,304,486,334,-16,219,-838,-505,215,-447,726,-471,-223,842,-121,734,255,-605,-2,-182,336,671,-382,299,423,790,396,924,934,106,-787,-500,-168,-672,-110,281,-936,-227,270,106,-244,524,-2,-429,925,-566,314,272,-616,-875,825,517,707,-496,-496,598,875,414,-252
A 98 100 667,722,-897,327,-446,-232,-323,-724,394,-461,741,-73,903,759,-618,-662,-910,-386,163,493,-789,-760,764,-76,899,-741,749,437,-130,53,-651,347,493,493,968,-50,933,183,842,-860,-19,-701,273,506,-544,-162,-876,-41,861,-283,477,-213,-280,647,212,-889,984,-945,730,-318,-952,-226,643,-595,-871,706,673,-114,174,-852,290,331,332,-535,-178,395,200,279,747,603,33,401,341,296,370,794,539,-936,-854,-818,-465,-188,-350,-196,778,-92,752,554,881,251
A 99 100 -715,897,540,996,-697,-310,-476,424,712,225,-294,-96,-617,-996,953,-569,359,-690,769,268,66,-90,517,-44,-227,275,-63,-213,-310,-540,-793,913,790,246,-798,466,773,85,-866,257,-620,156,223,-63,-12,940,219,-592,-777,-571,122,882,711,-352,-269,-694,801,520,555,-492,472,946,-858,-656,-576,62,-208,674,-501,736,580,-202,285,314,810,-350,250,-146,-813,-110,-201,-148,416,-658,-307,-662,-170,-845,-423,-705,-472,-973,-871,632,-305,540,536,350,-375,965
B 0 100 -901,-566,658,-14,941,281,428,324,728,-597,820,-245,-262,-731,-880,-851,-695,138,668,508,-571,307,603,-987,-395,729,835,-250,-720,583,-665,834,-517,-158,267,-121,-445,960,-490,29,423,-639,-250,572,528,824,816,-711,936,365,-211,-183,417,94,683,82,-967,-550,-508,-487,952,455,21,-164,-286,526,-361,244,-930,-304,862,225,340,-58,-56,-182,680,254,753,-635,170,837,569,-484,273,709,-370,828,127,249,-67,-513,752,-582,-962,692,184,227,-349,-705
B 1 100 372,-831,-564,-362,-493,409,230,-773,382,-557,638,-675,613,-3,-227,-708,205,405,-70,284,816,-551,-355,-525,-713,503,-73,447,-215,-364,767,-688,-978,593,-36,-116,-108,-947,948,-223,-921,814,83,83,-117,-427,-191,599,342,353,679,697,130,926,-785,121,-90,-772,133,-142,-703,994,888,162,664,19,-624,-866,900,254,-814,-201,291,459,-553,86,654,-210,92,-81,-406,-405,-14,-551,-821,764,366,62,-707,53,756,-349,-232,-791,-627,753,710,558,781,950
B 2 100 802,-437,170,-812,-261,280,-812,-685,578,-365,-920,-74,786,-236,-4,-931,-707,-690,392,-214,749,-982,-578,181,-493,254,-57,600,883,791,857,622,-303,917,-522,158,583,-663,504,-396,-244,154,487,728,136,-511,-122,491,-698,103,-194,946,703,507,-91,429,-239,-248,-986,-241,-25,893,-819,323,718,-596,-401,-460,812,655,-153,-353,859,107,620,179,-30,82,200,-835,-565,161,569,-541,309,728,-870,-301,-4,-353,-323,-697,718,154,-584,-294,-190,958,934,-799
B 3 100 270,-813,927,-999,-462,244,-123,604,-249,-44,969,263,168,112,-800,-760,635,-870,-843,-957,974,-924,524,282,-278,576,68,-765,-621,355,-206,-373,-742,201,-862,-896,-6,526,-876,174,-355,776,-572,425,-968,-928,760,519,916,-602,-714,888,-727,928,455,562,544,219,616,-715,-817,480,378,-874,-868,-718,-248,-961,29,-978,-68,-139,-932,-921,-85,709,-428,-194,627,989,-204,-249,668,-350,-577,755,-515,483,360,-13,346,-364,730,969,129,-754,-872,-725,-221,628
B 4 100 11,237,-702,-499,695,51,-92,316,825,-208,677,128,-817,778,-690,100,912,-579,-581,877,-189,-343,-300,910,-457,-718,-890,595,883,-676,819,-523,777,-605,394,506,-643,-492,-733,-363,-150,863,758,-188,140,-294,546,-861,687,776,-968,391,-341,959,134,-758,67,-692,422,-227,505,-184,549,-434,711,-315,121,-253,-653,801,-859,-566,-504,-282,802,110,-447,277,-502,724,-608,-854,145,-123,-632,759,334,347,-37,-498,713,-459,654,566,144,-811,374,-151,140,-698
B 5 100 867,-956,-776,967,-721,-563,-790,43,-347,91,546,-885,133,354,331,-527,-272,508,136,-328,541,-967,481,-58,435,789,197,-220,525,549,82,-881,358,-386,114,358,-668,978,-342,201,-233,-2,-284,488,106,-204,17,586,-209,-85,-966,-462,-823,-155,836,-605,-859,-288,541,-105,-36,-316,-767,63,606,666,503,-558,-386,-953,-701,-985,-861,557,-835,-890,-969,943,73,493,-656,-371,87,230,212,-42,75,-694,994,582,405,-102,-825,-760,184,-406,571,668,-929,417
B 6 100 -619,848,-645,-495,-574,-115,252,-993,503,481,-609,-835,198,-445,901,99,746,360,-816,-569,-963,-456,0,350,288,-86,-113,467,-561,-386,862,-96,-610,699,767,80,-833,684,197,16,930,-341,-150,392,173,-274,529,-618,-129,770,-855,503,538,358,5,664,998,-849,50,-225,41,167,807,559,503,737,327,-418,29,-668,498,418,826,377,-311,870,-155,-430,-895,-671,337,970,-598,-642,-782,-780,-706,663,-443,494,857,616,-885,-137,-802,-549,273,-405,556,418
B 7 100 -349,445,-500,780,646,325,758,493,475,-245,838,-985,-234,567,699,780,-331,224,-886,750,-772,879,18,783,-407,785,830,-84,-982,-192,-749,895,539,509,508,73,972,-921,-465,-707,268,49,180,-302,-68,521,-341,-899,872,287,-188,23,552,-772,268,-268,159,-918,83,-307,216,-1000,-552,630,-61,79,162,999,750,-314,388,-817,383,-259,-790,651,318,-914,-804,708,390,779,654,-312,354,-40,-406,-964,-138,-605,793,146,-289,-43,-913,-278,685,-244,-271,985
B 8 100 -311,450,-300,197,570,-136,210,-560,743,377,-484,-76,-7,869,-93,509,747,-989,238,330,-705,967,357,442,673,37,529,785,109,-653,-946,-255,-637,-421,-875,26,-631,406,-39,600,-775,-781,-600,849,839,627,857,-93,-756,849,-495,681,-960,-473,661,153,-976,-21,8,258,537,-17,-259,839,586,-982,368,705,-72,-756,986,-838,662,2,111,-482,869,-361,-777,-650,21,-366,169,573,-121,895,-615,-523,-570,639,-793,-693,91,-229,118,-93,124,454,88,745
B 9 100 424,-901,-332,-815,339,800,635,301,-379,-423,-372,-618,192,901,513,-570,480,-30,365,828,136,68,-909,195,-398,857,65,-630,43,-955,477,404,-981,-399,501,-151,-971,-738,286,-110,286,-831,76,627,601,-513,372,-260,701,494,246,-728,-375,-890,945,-605,460,-893,332,-809,365,602,-778,870,-491,-940,-150,632,-579,-140,-366,-258,330,213,610,770,-490,807,942,552,452,-422,-708,427,569,142,787,581,-698,386,-265,151,57,-138,-367,883,989,-179,282,-466
B 10 100 559,558,-120,787,394,-578,-119,-12,-172,201,-531,-838,834,493,682,-423,-742,-715,646,797,568,-93,316,279,486,-142,184,896,-601,577,-237,617,-467,-406,-664,427,-55,840,-215,-478,-909,-779,-694,-906,832,348,-242,-137,-167,225,845,639,258,50,753,-106,-527,-784,-556,-91,-694,102,358,-63,-699,-354,-364,-384,-442,156,312,946,-548,-15,561,137,-124,366,-683,583,871,828,924,315,528,-255,-990,-299,-346,-50,-575,-425,920,-247,898,394,956,-366,272,-398
B 11 100 -495,909,-904,179,-884,-853,-374,-18,-95,852,729,-634,279,491,556,71,823,-980,-751,-651,693,448,183,736,-862,-619,-937,-850,-917,154,636,-186,-635,-704,873,400,-793,-685,-212,-81,-173,-406,-878,-988,-133,887,-261,-66,382,-660,-17,-575,-686,-732,-486,-650,55,67,-391,367,-446,666,-9,-31,1,-563,518,-304,637,-903,429,-811,895,133,899,-961,-823,872,-469,-39,-876,-188,-834,946,658,373,742,4,-819,639,-673,-431,714,86,-706,160,939,991,-672,235
B 12 100 817,-758,-257,-77,-441,-261,-968,679,-327,804,-882,52,-71,-302,-386,114,-46,-736,-929,-684,-840,-180,787,-794,470,618,-933,63,120,-262,734,-713,174,988,-383,894,-806,493,-885,441,481,357,208,937,144,349,437,286,-462,46,-664,-474,818,-753,-304,167,-63,-629,-642,169,-561,-227,168,223,986,453,214,-508,235,-454,164,815,185,514,-669,-206,-492,-485,-798,-352,505,754,385,294,-412,-744,-538,936,-579,-980,-653,826,780,851,266,-282,535,900,699,133
B 13 100 -500,-921,689,-911,-201,80,305,-162,606,35,906,-415,-383,-675,748,-250,421,-478,-916,-193,-357,887,782,-548,-709,609,341,518,324,347,-865,182,514,-241,397,542,-924,785,-461,-39,-161,-634,-734,172,548,536,-672,647,-638,-761,211,223,-135,-440,-616,806,103,-357,-671,-600,628,693,-464,-321,-992,-400,360,596,47,-5,-24,524,920,324,-390,-139,596,818,91,-396,-913,718,-278,353,602,-712,758,867,898,346,234,-685,401,-380,541,-973,-103,309,-928,121
B 14 100 205,-516,-30,-609,-212,-217,977,-356,-81,-309,-247,172,-276,-52,-666,-251,864,-166,168,-561,980,-289,-66,-348,-523,-95,458,143,-133,-643,-21,-696,706,203,-468,776,828,895,-811,-518,-722,-549,47,807,271,-226,137,-378,185,53,-326,-200,510,63,-509,714,-363,-480,-908,207,261,721,492,307,615,-638,770,-350,620,363,-256,-662,392,-55,600,-219,-686,-814,-465,688,-710,-387,-987,-544,-433,-373,-455,674,766,558,543,841,-675,-709,527,-997,-196,-462,-133,584
B 15 100 942,-683,-940,-283,506,-581,416,-20,-263,682,114,-386,-440,150,388,959,707,-855,948,-750,828,348,790,-333,938,586,202,-860,-682,511,-867,-801,-198,241,-7,-397,-975,-923,210,-496,-950,796,-668,649,447,757,216,-859,-414,-894,674,-763,-532,-442,180,649,-235,-218,-903,449,680,-432,-103,827,238,-484,360,974,-843,-990,388,-821,933,710,-303,377,924,823,-993,894,986,-428,-756,919,-767,-98,-702,-354,-656,104,749,127,-603,-806,130,-524,-658,690,471,-274
B 16 100 -711,-266,-413,-41,-730,626,-1000,-673,958,-912,383,-493,-918,567,515,145,303,-989,962,-969,257,-710,-803,932,-652,526,-20,849,-540,175,53,-404,-178,381,-891,-10,-331,-489,459,823,-344,882,-116,356,-157,-417,193,137,979,-797,-691,607,532,604,-277,566,727,397,693,-475,908,923,-819,474,-85,230,725,-801,871,539,-265,974,942,462,-46,-142,-141,386,-931,-672,912,117,-320,610,399,-594,-215,967,-495,797,782,-769,-661,-332,374,99,-470,204,926,-984
B 17 100 -973,-127,319,228,-711,214,77,849,841,-958,-663,56,167,25,976,253,108,627,325,-52,823,857,752,-355,954,162,845,-595,-113,723,211,741,653,567,-9,855,-916,-599,730,-884,-966,814,-976,833,-411,690,79,120,600,-190,422,179,-1000,804,346,-540,568,36,151,-197,-424,186,86,-759,-510,31,-354,749,-788,-661,846,331,-301,878,610,-856,-630,-851,-66,-829,932,-79,866,-292,-177,-706,149,-623,-217,-944,227,-517,766,969,-613,125,-68,-659,-896,134
B 18 100 -535,17,204,129,-471,525,-580,-284,-417,357,-821,45,8,-156,520,828,912,60,668,378,212,282,-772,630,-318,-359,474,967,789,-869,358,854,-945,-67,692,-54,320,-464,663,-382,231,515,-715,-803,735,-684,-152,-978,569,-823,724,140,901,830,797,157,-649,-508,-973,161,845,-38,-908,670,440,217,-986,188,9,485,-31,874,-315,566,-522,-662,-812,818,-655,-507,868,-322,-199,529,-832,180,792,850,-728,-430,-503,593,375,174,-122,-54,-473,17,-471,254
B 19 100 857,126,-19,-694,119,-328,-837,17,-210,-691,603,11,710,-15,-787,977,400,-556,630,322,296,-734,-355,764,836,691,-425,-655,-536,593,170,-980,-896,39,623,-584,-164,-77,-742,-146,2,-169,435,512,90,-758,-698,779,-144,-513,-521,-261,964,595,118,-319,181,-219,-246,-864,567,-825,-325,487,-996,-384,-704,73,929,-727,-528,-114,407,-949,-235,588,-25,247,26,390,44,489,82,-657,954,-449,396,-504,793,328,799,249,129,187,-215,968,844,654,-561,-987
B 20 100 -814,-815,110,-785,289,392,-499,290,-916,-144,-848,331,419,-822,-521,-210,-301,-472,-383,-945,-858,680,57,-567,941,-763,843,125,-977,276,-567,683,453,608,557,945,161,-309,476,-501,-344,988,-786,480,-378,427,435,-703,600,-763,-336,514,-538,-639,48,-892,773,-830,864,-910,222,-786,665,69,-932,263,-447,280,-382,-886,-535,372,659,166,808,-662,-271,-453,-781,-169,-280,-462,51,21,-852,733,140,942,-771,805,110,386,-94,-519,408,144,-91,38,515,-576
B 21 100 -367,-523,-13,293,-99,-535,84,97,594,-781,726,97,-340,376,588,180,469,727,-279,-108,-472,-454,-306,567,-111,-392,280,661,493,636,-485,339,-987,324,-301,-275,719,-71,436,237,641,-718,-301,-10,-77,-338,-738,166,-660,311,-62,-779,-121,-422,298,724,388,386,728,-271,908,356,248,389,-722,-614,-574,-639,172,184,731,176,917,-36,815,-77,621,306,321,-482,-893,133,-594,698,-290,-858,-967,48,203,-882,391,-160,79,-731,-232,-942,-835,-80,-218,949
B 22 100 -814,-142,-534,-801,242,301,6,236,583,958,857,-547,-417,240,192,62,-330,553,820,-981,652,558,-721,56,588,-703,-737,-845,282,137,-393,95,-209,-641,532,-949,-669,-627,773,689,412,543,-668,959,629,-950,335,-621,-859,445,-455,203,113,769,704,-810,977,-264,570,961,-39,907,783,-512,935,75,-417,-516,-750,-382,-540,-386,357,-9,307,-488,427,-347,449,-664,827,861,-187,-804,300,-571,-249,-169,964,-114,435,390,-231,628,427,694,-828,-783,682,952
B 23 100 229,-99,849,-225,230,666,31,-972,691,198,-772,953,920,-904,-626,-704,588,-525,-170,-354,301,-468,-138,875,590,-181,796,736,356,-391,-421,-274,-737,-857,-453,982,-448,222,-426,420,-985,-732,-698,953,702,-180,-750,-609,948,-211,102,-331,626,414,-623,-762,-725,266,273,784,887,22,601,672,-277,969,-151,-87,-444,-191,-696,-516,-275,524,408,124,-579,557,764,658,-132,-279,-783,751,690,-138,755,575,736,-160,515,-975,-23,-927,652,-61,548,-660,323,185
B 24 100 758,245,335,338,-478,354,-457,-698,-390,-781,93,-864,44,-364,-606,-362,-614,8,-900,-384,-239,-161,-565,553,897,488,185,201,-234,-902,-336,-301,779,-738,-867,-651,58,441,274,-392,999,249,-117,-762,526,277,642,-785,618,48,-977,-867,802,-289,814,-698,-628,-259,97,192,291,-338,977,400,-4,-424,472,-830,421,-541,686,-534,-305,-469,942,-834,-599,202,-70,-105,549,929,-738,-831,138,596,317,836,43,-52,-838,-59,-898,682,726,-823,799,-427,931,653
B 25 100 -347,442,-523,68,567,263,198,-221,70,-824,-128,995,-160,-629,-622,-167,-746,169,-912,-862,57,-447,565,-23,-82,-439,-904,-106,-86,918,80,-552,-841,601,-344,-773,52,547,432,876,-122,48,868,-88,17,-18,603,448,-883,-5,673,-566,333,58,-117,-724,-398,826,-939,-519,-334,39,-366,-917,-615,-580,-756,-946,492,-984,-811,-627,56,-210,735,-125,411,-772,-920,-611,-594,512,533,-964,799,496,-3,-974,822,694,884,450,59,-567,-585,-914,-941,219,758,-476
B 26 100 507,634,118,-21,408,702,-869,-156,-264,-379,-208,297,503,-851,526,-806,157,576,210,-568,569,691,-869,-734,286,191,539,-300,-365,753,288,729,527,823,-599,-365,-124,127,-586,-617,707,242,-469,-34,283,867,300,863,-97,-174,664,-868,-400,557,-685,594,296,-498,951,336,651,505,854,-887,-639,-951,-980,568,-996,444,869,-312,74,703,-281,-913,955,-670,-13,90,-338,660,-467,601,-473,422,-38,766,-370,957,-440,630,210,106,343,-523,-461,979,-540,-929
B 27 100 501,-714,94,299,766,455,47,139,573,-160,-860,-520,981,809,-222,154,719,-90,-113,-175,655,442,-935,83,812,-145,-840,-532,-267,-954,-765,868,-30,945,-467,-384,629,-479,956,-807,-509,766,-925,-359,-517,-910,369,905,340,574,559,485,-549,-927,-157,320,-683,-44,-646,-175,-665,-145,-994,-182,440,-401,758,678,779,-742,-551,-920,-897,-242,275,-854,-507,971,904,-673,-718,661,-427,297,-885,-901,-547,-978,387,556,505,838,243,134,-324,-50,-141,418,858,120
B 28 100 -983,-892,650,852,828,-997,-874,477,331,-188,-813,984,-643,-339,591,-169,669,748,-1,-841,-759,435,-346,-357,226,220,990,485,-161,213,920,-534,-795,-715,-666,-778,-586,-346,398,-776,-264,942,-622,-165,709,-373,-326,-145,187,73,676,-878,878,-934,188,-734,303,894,909,-833,323,25,1,-185,314,227,-601,-264,-869,579,-338,271,-432,-373,-411,94,-120,-219,375,323,372,726,-901,299,-84,727,-856,712,-355,-85,367,648,-126,-530,-710,689,709,993,-247,5
B 29 100 -487,-256,-408,509,336,703,-928,953,20,376,282,-805,-256,530,-232,275,72,586,98,632,-455,408,-919,860,364,-726,-579,805,14,492,-261,-671,-165,-842,-487,937,718,-23,-244,10,716,897,-603,-421,653,198,-430,963,-174,-818,-40,-856,-704,804,-767,-955,-592,647,74,-904,-520,316,-837,-716,97,-133,-343,-672,42,19,-490,-950,-461,-809,-414,960,-421,-436,694,100,276,-727,-666,663,-202,-872,83,-365,85,920,470,687,-30,-556,546,433,764,50,737,35
B 30 100 385,414,583,-809,996,467,272,-945,425,-916,-595,102,429,912,-921,454,-272,-175,272,-611,300,-764,-967,189,-236,-916,109,-408,208,618,362,-538,568,302,-755,355,-400,-105,-416,-940,391,-573,-184,740,598,-78,491,-416,90,896,-170,637,-259,85,543,955,-823,-318,543,-357,-186,-601,133,-855,-360,-514,-915,-297,451,-929,96,926,855,-29,-801,252,-813,-84,111,854,245,-894,821,-864,297,-92,722,273,-367,-28,489,631,697,-306,-421,876,-719,958,365,762
B 31 100 369,908,-503,338,-849,-94,992,-170,479,285,-960,-70,36,-28,379,765,-298,63,215,603,-787,-723,18,-46,973,-819,-635,-350,-675,104,9,-916,-337,-48,116,138,48,-859,-315,122,-343,277,-796,539,569,-722,-406,848,-618,-229,391,-163,251,999,-4,-404,-555,-621,648,-335,-405,357,481,-395,868,930,845,-46,-125,-426,109,286,918,288,62,-760,460,-913,662,593,98,353,-451,364,156,399,-104,-959,-495,685,813,-248,-927,882,-467,693,-974,-861,78,426
B 32 100 534,558,-208,314,-624,3,-490,-455,687,-496,499,164,-457,-149,-813,649,459,699,-909,490,-629,-575,-516,33,734,187,549,624,754,627,725,409,-885,702,710,-668,-913,-980,-27,996,-169,446,217,-779,-995,700,118,-92,589,781,-910,974,998,463,-772,-32,189,550,129,199,148,-945,-11,-938,-839,-557,368,564,237,553,143,626,59,-692,-182,115,378,-301,523,-765,115,547,-363,-261,843,197,-862,224,798,578,85,142,116,21,-842,362,13,-118,-531,-573
B 33 100 -577,48,-946,-857,-488,217,658,-698,-66,-484,724,-605,970,-171,526,-119,297,911,-452,595,446,-382,-270,595,-466,110,172,144,-176,-164,894,-588,790,-184,363,-800,-926,-14,-414,-595,-590,-94,-98,-420,613,-975,915,-1000,-247,43,378,295,-9,618,-201,464,-384,447,579,383,384,-38,-617,262,27,808,625,219,131,172,-195,-948,-350,419,-489,-293,-716,853,-101,-872,-413,499,-80,-217,138,787,-290,-811,-749,-483,-724,501,-184,475,970,-459,-614,-63,-282,450
B 34 100 -783,63,13,-30,265,252,242,175,58,575,865,554,-13,-667,181,752,941,950,916,-460,-452,29,522,-356,-603,-340,514,533,875,201,8,-656,183,760,-755,-756,763,-343,-405,328,-324,99,-742,919,-868,-471,420,-769,989,367,-628,-620,-478,373,-91,-783,539,-813,600,655,139,978,66,714,-14,-154,-791,-201,482,241,-405,-792,-949,112,-799,912,500,-733,754,199,233,-121,-621,-986,113,779,231,-551,-88,-960,-511,-400,-331,-340,801,-542,-161,-883,-745,-875
B 35 100 -595,-992,495,-827,545,459,-765,-713,-42,689,6,535,-484,268,771,-372,-863,-412,592,426,673,828,-186,-3,-357,932,-832,-464,-338,-89,-628,648,-651,561,-263,-555,-950,161,-577,-422,-2,680,-455,-400,-50,-98,-50,171,304,-893,515,-128,-898,-69,-214,3,285,267,-307,929,851,-136,-690,549,617,-780,-694,896,481,-668,-938,-607,538,332,497,623,947,-611,730,-295,-690,774,-432,-681,-914,752,90,641,228,-520,583,775,212,846,388,-113,-395,-981,90,308
B 36 100 -943,-121,696,699,-514,411,-223,709,285,711,-441,-529,634,645,-8,51,-197,-933,-350,-446,-645,-50,977,170,-442,20,704,442,-369,944,-794,-273,-918,783,-466,-688,-202,-922,-218,-723,673,-741,630,-340,842,253,721,-774,235,-826,-895,-125,-266,708,120,-386,-589,-748,934,839,-161,992,113,-268,-338,691,-516,12,-299,-322,-913,-498,652,-20,389,-676,934,-119,779,380,895,-990,675,229,-851,-271,12,-207,176,854,481,-213,393,-58,-831,986,738,-55,-947,6
B 37 100 -371,-658,-915,-263,-306,-658,571,-609,106,744,-512,-788,-142,-122,-304,-655,-417,-636,-943,-584,690,-198,801,-430,-536,-160,598,-274,-747,-310,-723,836,-522,718,-92,365,-513,107,-797,-219,-363,58,-666,-349,-623,-548,5,889,-834,665,-381,-134,712,993,538,659,764,578,-691,695,349,579,899,-288,-337,931,-522,13,-176,-244,799,-245,698,-987,-825,936,-699,-480,-612,358,-372,-728,660,-392,-632,-123,441,-889,-366,193,591,-899,-254,-753,-828,908,-433,-870,-644,-145
B 38 100 751,-288,513,123,-888,887,132,994,498,239,-392,-16,167,420,897,-625,-594,173,-295,561,-207,457,450,404,-544,322,958,-815,922,408,956,29,-20,-138,-734,521,-843,-521,94,-42,-126,-7,642,-120,-739,-834,190,553,-713,450,-613,-420,-811,403,172,164,683,611,-222,-267,494,847,332,782,-585,-247,263,-312,882,-940,263,-528,562,-285,-257,-476,-751,-61,331,-25,-989,59,-690,558,244,952,-663,-861,855,934,696,281,416,-198,-904,951,116,-213,-778,-975
B 39 100 595,32,-655,-89,-919,424,-511,-939,-47,-314,-971,53,604,260,800,-76,621,604,125,-591,-265,344,-138,-870,-430,761,295,275,193,-690,-183,890,-629,-319,-626,-400,546,138,948,4,-402,577,-460,-430,-798,-860,-62,277,855,959,-307,740,-448,-755,-534,903,-992,-933,354,709,-389,-515,-700,766,205,-315,930,-493,-361,121,361,828,-636,418,-15,36,729,139,708,-329,-924,701,583,122,860,-405,-628,-270,477,761,302,638,342,-631,-796,-133,-712,53,-457,854
B 40 100 758,-270,257,423,-274,305,-403,855,-662,-256,-504,-455,-859,-104,-211,-982,337,-912,320,196,-91,78,-666,-423,90,566,-471,-664,379,236,-444,-219,953,-589,-558,529,-549,488,-785,-322,-45,-901,-769,737,-676,394,478,-624,512,815,-831,335,456,151,457,895,671,-259,816,49,-628,-898,705,149,-239,218,456,102,362,-132,-563,-527,34,-93,345,-229,-537,814,986,753,688,-445,890,396,398,-462,-791,-115,102,832,-131,765,186,389,433,757,-474,225,-459,-841
B 41 100 434,186,-31,922,-44,753,-449,423,340,691,558,974,-936,-500,-622,271,689,-382,801,-962,45,-18,-252,520,-30,-96,743,-467,256,216,7,-665,776,395,829,599,-702,759,-50,327,226,31,755,257,759,-739,73,-787,646,969,-174,-64,615,810,551,196,554,-636,-175,-256,479,-737,15,-85,-432,-792,-324,496,-994,-711,-186,131,-737,18,-940,-789,425,-744,-489,624,813,-313,-607,-74,-56,-343,70,-944,-821,-655,-701,-260,421,310,344,122,-207,-849,-196,-452
B 42 100 744,685,-841,-442,582,-541,-58,978,551,47,-762,562,-667,714,816,362,-526,12,-723,-82,890,245,198,-675,394,-435,573,580,-91,-784,-526,-613,-583,891,-660,344,-320,-177,-326,507,-60,622,-252,472,-6,-608,601,-460,-439,-580,-731,-59,599,661,-715,-685,543,-785,54,-229,808,-363,74,-77,206,544,413,-868,471,-74,204,790,22,944,-553,-242,822,-700,988,938,-358,339,-680,156,-217,-337,97,637,271,-770,820,-5,-832,-123,317,-904,-15,814,873,-604
B 43 100 369,-166,567,54,804,265,-651,-415,581,284,597,203,-343,-773,187,-112,508,-168,815,-924,-222,47,286,163,109,-734,-763,606,7,-608,-481,-750,-610,298,-671,-897,127,-239,247,899,-69,781,302,988,-893,328,-879,-946,-84,-114,-267,293,-544,-898,-156,976,986,252,-564,357,-894,-465,131,811,238,846,-332,539,797,384,-429,965,858,150,-542,-766,746,-52,448,476,-760,950,186,-22,-146,71,246,-918,-972,-946,247,-500,-71,387,173,27,-762,-961,502,11
B 44 100 -288,545,981,-264,-880,439,799,-951,-515,-498,195,681,547,102,-404,430,893,529,-406,674,781,-579,-70,99,478,256,-683,-178,-24,653,359,954,317,-655,518,74,935,369,354,-187,39,934,659,286,843,-926,-656,-623,-299,-699,-197,-239,-236,531,-248,-884,948,-905,151,-69,-741,-982,52,989,-824,181,-417,-785,-667,-298,-439,378,649,-767,568,925,-46,-583,673,928,179,672,-468,-83,405,-430,247,332,-658,-196,-363,570,-787,69,252,659,-456,-380,345,-665
B 45 100 504,428,-349,971,159,79,-488,-455,-959,-389,-367,-731,-212,279,-121,-935,-897,-994,10,562,962,-574,-832,-861,-116,496,-166,-966,-910,194,214,-989,143,585,105,-585,962,852,-693,-791,-103,564,-139,-655,-385,512,685,-92,-307,905,-534,107,-879,221,-121,69,-710,-647,458,743,-731,-200,562,932,-755,155,208,-445,48,-421,-181,195,-489,789,-849,-615,-203,272,-110,940,760,634,-575,-496,226,102,-382,893,275,11,-154,992,867,-901,-418,-355,-283,-321,643,-597
B 46 100 150,520,-724,829,447,505,-315,-471,-525,-755,-203,401,533,503,-118,69,-658,-977,-419,948,-779,-487,-992,868,-792,442,138,-984,417,769,-27,-28,-79,-562,254,808,457,-795,-920,-89,-38,-150,814,-403,-726,81,841,56,-624,-650,-246,-524,-911,835,639,692,-16,26,720,216,427,-170,-4,-817,880,962,764,158,-746,932,-140,614,-552,-589,23,857,433,865,-355,-316,421,460,108,-362,395,-560,-836,296,-495,151,-860,-132,-778,896,-240,291,555,418,-591,-931
B 47 100 -435,-386,814,-966,-739,748,224,698,429,606,-666,-109,-505,139,22,-832,-439,309,449,713,-89,825,474,406,658,674,-769,690,-643,443,-446,-44,-199,-473,37,500,19,666,-478,745,-734,89,723,-988,-938,-100,631,-996,-62,683,66,660,927,798,-690,733,-924,857,-787,720,-292,623,610,680,557,-653,-641,370,-593,-849,-100,-8,-936,856,502,-460,-80,390,28,837,24,993,-426,-536,822,-343,-573,122,906,50,-1,-594,249,-566,61,-246,299,-140,255,-897
B 48 100 768,571,592,-607,-875,100,644,-765,-592,-858,41,-838,82,-633,-439,640,-112,-2,-56,145,-281,-388,-828,742,855,-797,-295,-804,-801,-803,-462,-749,-443,229,222,-933,-303,195,-287,-862,-974,-854,963,-844,531,535,-12,-541,256,264,-756,67,559,-95,-712,-18,-468,-235,738,-601,-972,374,-732,859,64,-776,372,950,941,-510,634,565,780,757,386,-341,-907,851,-513,521,539,350,-260,144,399,224,-307,-516,501,-591,-75,320,-574,12,-371,409,-643,-633,-552,-373
B 49 100 -461,-259,-82,374,763,462,-221,832,-298,619,505,786,-219,261,727,-724,460,517,-458,-888,145,-191,-868,148,-61,-118,-880,861,581,-325,448,670,163,-794,981,120,-740,311,-95,450,-44,-221,204,-393,-791,-46,-555,-585,879,21,884,-919,575,-998,-431,855,-921,24,924,952,252,891,602,-907,806,-318,739,634,153,-229,105,-266,348,-31,750,-759,-155,-658,-300,-137,252,-227,-556,-555,-169,433,940,931,-806,735,-809,-880,980,-216,-25,-62,-849,-200,356,130
B 50 100 618,-592,786,442,828,852,366,572,966,441,81,-786,203,835,-110,58,369,769,-885,-898,111,-632,285,-750,-940,448,450,822,478,798,590,-960,-971,-717,169,532,-364,30,167,-411,31,994,176,304,858,-822,168,-155,297,-105,-378,711,-18,-292,481,-596,-260,320,893,-443,-539,664,552,-653,-762,-694,9,775,-357,220,-581,953,781,847,-70,525,196,183,423,-855,-657,319,-447,-206,650,-293,894,-48,-444,-770,544,-493,-563,524,116,715,-517,-559,-913,572
B 51 100 498,-298,896,-455,99,-470,-776,-709,413,-31,36,625,878,323,-357,-248,267,876,638,726,856,737,-289,396,650,92,195,-346,-300,-698,41,877,-73,-415,-463,-217,949,-493,-52,-606,-587,320,385,223,-169,-767,762,250,-251,326,362,593,309,539,-420,275,-825,-149,369,-909,-717,-621,35,142,-297,-540,482,601,-154,-739,-429,-524,-434,203,716,-663,-183,770,-609,169,709,350,803,-45,987,-635,-524,-592,333,-285,-825,-691,-150,856,593,-730,-111,433,665,-204
B 52 100 81,114,-585,-287,-34,220,166,-320,-301,-145,989,-194,-385,428,-11,-450,353,-586,787,-146,296,232,985,-833,365,128,-1,486,15,-217,-605,852,-591,-537,-255,-414,-246,-591,583,-285,930,241,828,-203,403,400,-924,-524,-672,-401,-803,125,182,-479,791,428,-731,210,-202,-865,885,-435,-515,-167,-591,-460,-1,849,-129,395,-356,-184,-899,-922,-701,-856,693,-95,109,-253,805,-268,301,160,987,318,371,472,130,-924,-437,-167,-603,-849,485,654,437,-452,-640,-89
B 53 100 -333,-196,697,934,-520,-134,-177,-18,836,179,-498,220,-384,-469,-26,-776,574,296,140,-566,773,-733,-404,733,664,159,-715,-142,121,-224,-328,-69,-162,-507,891,206,-765,-518,691,814,26,911,722,-709,914,-487,-607,273,-173,-893,-832,600,-761,462,483,-562,973,-758,-760,118,228,-143,-945,57,535,965,-56,-799,-495,347,242,152,56,-579,208,-861,572,-861,413,-527,-604,218,835,252,120,955,66,-520,687,-11,-81,-297,731,-560,821,-732,915,-895,540,386
B 54 100 620,617,947,390,338,568,-234,-256,495,-72,841,-862,753,-39,-370,-386,-627,975,-787,-577,728,988,701,655,-224,-475,-657,485,136,395,361,624,-231,283,595,-384,290,-612,-34,-8,346,-44,-581,-245,148,847,-459,-75,847,997,-77,-403,718,-901,-207,-100,-889,-492,522,148,-769,502,-939,-113,-653,-201,384,-619,787,613,-1,-304,-612,-343,-232,381,382,211,211,398,-981,730,-814,-525,837,289,-170,-912,165,959,991,698,772,472,931,-917,-187,-839,-830,476
B 55 100 418,521,329,-211,-847,282,821,432,425,887,-372,-459,-158,-185,679,-255,747,-143,302,-553,927,523,158,-295,860,399,75,-48,-558,-301,181,255,426,568,-295,-995,-953,775,-345,-823,392,549,-608,-394,717,975,-672,-755,-316,-204,-196,-246,-903,121,223,-734,785,-403,-528,-206,601,728,-23,804,-597,-279,-143,-193,208,-898,593,982,621,-720,-579,-976,545,975,-782,279,511,-684,-215,-134,403,838,-65,-527,-401,326,-714,636,51,-431,265,-701,-508,-928,255,-770
B 56 100 672,383,554,911,530,601,-162,-226,-65,583,672,921,663,-871,-277,824,-317,619,670,520,186,452,-123,-413,181,-898,-629,76,478,178,-313,707,-647,-673,923,-468,474,170,243,-12,-53,-467,381,902,-278,-953,369,-887,419,-887,-623,-20,-676,-976,-449,846,423,-494,499,436,-586,-91,-76,-296,-789,569,830,-334,-105,-73,648,-294,-148,138,-131,362,-844,-461,59,-147,865,-989,-177,-257,-711,640,-123,-541,-196,378,-222,-605,-906,-163,790,-963,-725,-32,-467,392
B 57 100 215,80,-475,-645,-215,959,560,1,-289,-398,-243,922,-529,239,-337,-398,265,33,920,-538,810,-930,-801,172,46,216,-200,361,831,725,502,397,-175,224,449,130,753,685,702,-448,106,386,778,-157,-82,916,770,-783,-953,347,-430,600,734,-75,260,299,619,-658,-526,-43,518,642,688,-692,-263,836,-364,-161,875,55,-350,-619,-379,364,863,643,680,803,-387,-22,408,749,684,462,418,549,-81,260,844,-24,-660,-314,440,-9,-163,358,-347,761,714,-88
B 58 100 -494,-414,192,-108,87,227,329,527,-621,903,-798,306,-930,698,-806,-107,662,-210,-127,563,-24,-524,641,-495,-698,834,387,880,632,165,464,-851,-994,-501,305,305,-372,-912,-78,731,-59,-573,7,581,-227,-243,-266,420,-587,573,-496,-419,-845,744,-819,157,-743,485,69,-537,431,-536,426,-587,-373,513,851,-794,72,-991,-649,-364,-22,-541,455,689,385,-5,283,357,445,249,-407,969,-339,-539,-716,837,-429,-272,-441,-526,-177,955,547,282,734,832,-15,-298
B 59 100 966,-328,820,737,934,714,-869,619,608,-572,458,260,-49,-5,-382,-571,752,160,-477,-403,759,-517,448,-31,732,783,-549,260,-79,375,-99,514,-879,766,555,-974,-212,-390,843,-592,-984,-814,-77,-510,-731,-742,256,555,972,-510,-479,642,-108,255,686,-383,427,553,211,-380,264,876,-990,-769,-721,395,258,-64,812,393,172,349,-246,-10,-761,-599,858,263,879,870,-409,-261,-838,32,561,63,-468,-697,-801,-414,242,-93,-314,-358,871,-337,-262,12,794,104
B 60 100 528,58,190,96,500,97,140,-105,-662,-458,162,422,473,359,835,-892,987,-778,945,641,510,412,-325,-974,-254,237,359,-219,-562,-69,-392,704,101,-880,150,-363,350,-959,382,809,-282,608,-548,-331,-937,71,-549,503,-863,-899,-638,217,488,-65,-680,916,-239,-228,728,26,-141,-468,421,197,-862,-744,788,-90,-498,-815,-34,748,-279,-164,-212,539,-739,-722,625,896,881,994,134,617,-505,822,-552,625,745,832,882,-315,86,392,-916,-844,-232,111,-529,572
B 61 100 223,-458,-972,323,409,957,0,484,367,410,-355,-180,56,96,555,515,-359,807,-318,-13,751,780,-527,283,-109,949,-745,262,883,-629,-15,521,740,917,435,102,389,-988,746,299,-556,112,-925,878,-719,-904,574,-730,-36,153,720,880,409,292,51,-121,679,-554,-233,-375,-276,756,-776,963,-914,-173,818,981,-288,77,542,364,-588,-777,630,-640,416,-758,-684,-224,555,60,22,481,526,174,392,269,-294,-829,558,227,571,960,-551,-730,554,835,981,-183
B 62 100 -999,-785,-849,-135,942,227,901,-759,-752,169,-373,-184,-52,648,612,-216,-300,339,-161,-77,-27,548,-786,245,-759,628,384,-784,346,-635,-650,109,-620,-387,-565,-381,8,-108,-30,-88,323,-918,452,479,818,-12,432,-548,-605,266,-676,562,-855,-452,95,-713,-887,504,-741,-495,-949,566,-881,-37,822,-30,113,478,238,-387,-469,672,440,313,39,-267,-190,812,791,-852,-643,-233,-770,-399,-944,730,285,563,530,-952,-236,-309,-427,8,-563,-168,713,889,-837,-898
B 63 100 -518,-466,-411,823,-190,-282,-309,-837,447,613,413,-536,-929,30,962,129,670,-27,400,195,-523,559,865,-57,119,280,702,-483,925,671,54,461,279,-150,-756,169,429,58,-994,-780,-663,-16,835,-478,-796,516,-844,495,-908,-547,-689,-34,-384,-913,-62,688,944,377,277,323,938,-354,-122,697,595,-411,642,-700,662,-698,-907,-504,-977,-441,-640,-886,132,736,938,-873,313,-336,-708,-61,577,-255,-772,523,965,803,-314,-947,164,134,-85,-6,-797,-592,-987,-145
B 64 100 679,203,-453,-374,252,127,-372,443,850,403,177,238,100,870,-248,-231,-49,257,211,-673,-596,-156,-69,-251,338,-251,-929,806,811,736,-450,327,-63,168,-82,-782,669,-758,163,-230,503,221,-486,-704,-447,371,497,-923,-418,374,-115,266,290,-482,-6,796,380,-525,795,-488,-505,305,522,-678,715,806,-386,393,377,-871,-708,-479,-924,314,-695,-322,599,444,-397,-341,300,-5,334,56,343,-738,-12,411,-810,387,431,399,332,-195,-874,-368,895,-84,-685,-497
B 65 100 -654,963,-742,990,-175,775,-890,-945,-44,572,-326,874,-959,-140,-401,64,994,-269,-763,662,251,-40,-522,273,-507,-733,-9,383,-975,-617,403,137,499,741,-38,652,-293,108,304,-961,-838,70,-888,-938,-748,-281,995,58,-958,421,336,-584,-254,-118,758,-973,76,693,-790,-962,3,138,-279,830,519,115,-817,-289,-195,255,-231,-300,-908,-393,-61,236,436,435,-49,666,418,585,91,727,-171,30,898,-731,484,-721,-839,-317,155,934,866,-592,369,777,170,505
B 66 100 291,573,255,-250,932,-464,-464,163,-997,637,264,-959,769,452,445,-859,589,285,-776,-983,320,-415,-628,-822,-975,-944,-512,292,383,569,-232,-886,634,-608,-781,-701,-537,153,-958,762,-912,-918,142,262,-188,333,483,-125,-788,24,-940,637,54,-259,236,594,141,756,974,497,-492,-257,-120,-26,107,-458,716,899,-249,439,915,-661,700,688,770,-993,-27,901,-384,-54,256,-844,0,-100,-383,697,681,-532,-81,-411,824,314,130,-808,555,186,604,-639,-990,225
B 67 100 421,904,-123,-17,-340,955,473,606,647,-282,232,-974,-953,-550,622,-170,360,-432,63,132,-664,-846,-88,-13,115,-788,586,690,-189,597,-408,-692,73,398,-375,-553,717,-495,114,-711,457,-768,-507,-726,75,56,-847,-521,-193,878,-139,-93,481,993,-544,256,436,-564,-744,808,-883,139,911,870,142,-311,-973,-652,773,944,648,-448,462,-289,826,-960,-735,-457,-526,-683,892,-528,711,676,-648,-539,-78,318,689,-282,-876,-955,478,-302,983,-864,-366,-582,439,196
B 68 100 991,-859,806,522,888,725,739,155,783,442,895,-307,-992,25,926,401,-727,-914,802,967,968,-59,635,-673,-204,422,-635,-105,71,757,939,393,259,591,-199,-102,495,-58,-131,-255,-388,-213,661,-292,-443,-373,27,-765,157,-26,375,-269,626,974,119,695,-391,-660,885,-674,-316,-753,-112,-173,296,216,-420,-855,-342,638,-237,293,-123,-20,574,821,-561,-819,26,-174,465,795,-88,685,926,-819,710,269,-742,937,89,478,675,-265,374,-943,655,-714,279,-231
B 69 100 269,-680,-740,321,-457,-845,181,107,-937,401,667,327,295,-166,-561,367,-79,-1000,9,-242,-592,90,-788,203,-949,48,515,649,799,205,-925,823,950,-881,-362,980,-554,-297,-114,-118,-204,189,-922,8,656,-77,793,-411,-966,-512,-433,-105,-892,625,969,-910,-971,-269,359,816,-168,82,-161,171,-702,-250,684,680,-702,879,-431,804,-337,954,-610,982,-666,910,701,889,634,456,-466,466,-367,325,778,475,-479,586,879,-129,687,503,645,341,-833,-822,325,3
B 70 100 -485,-951,-74,425,340,124,-289,-792,-340,912,757,-633,819,33,-430,647,947,151,660,483,-486,-135,185,106,996,-759,-508,478,997,145,480,298,898,-743,327,-365,735,603,-411,466,831,-829,515,-129,807,248,-31,612,-928,-495,-499,-460,37,230,781,40,123,891,547,-354,112,-161,365,543,626,636,925,897,899,947,-400,718,985,671,-670,-257,-833,527,-721,387,701,217,-295,260,811,-326,773,176,-529,-834,-494,28,55,434,-388,746,896,949,833,-319
B 71 100 736,-771,299,607,74,944,-493,541,-593,490,689,394,786,-330,371,-526,997,298,48,-434,530,640,-659,964,-802,759,904,945,-998,-483,-804,678,694,-716,-495,-519,-762,699,-71,892,927,-592,-807,-660,166,393,-942,-956,-630,-840,-776,-984,-246,-362,508,302,131,-607,679,578,-826,-46,616,991,-230,130,-894,835,-706,-551,136,653,-331,204,-369,-730,676,-942,-588,-83,445,915,-49,760,-548,373,813,-414,710,-87,290,-84,-948,702,-908,-376,-740,475,568,-704
B 72 100 -46,837,-503,-303,774,-386,323,-381,-107,494,-266,337,-879,-677,240,984,975,289,330,-352,820,138,-156,894,396,-459,-895,424,-210,-460,407,135,-22,535,-197,921,727,500,-987,935,-661,952,860,970,-651,695,392,-532,829,914,-927,-378,-410,-51,53,311,697,-898,-532,-171,65,137,-419,603,-177,639,-379,620,303,532,358,-387,110,696,891,-133,-462,-76,-17,-884,-818,489,292,-622,-358,-629,-190,-118,-978,912,-235,429,-61,466,-355,398,93,-174,-464,-54
B 73 100 871,-38,-631,-363,649,-563,-435,630,-224,-478,955,-765,-535,765,212,643,-999,537,24,-307,117,-894,244,-699,-969,387,252,118,923,-652,-759,-91,31,666,-296,3,-276,892,857,985,991,-422,-213,-770,-335,456,-349,-623,395,93,-791,535,233,-434,-874,-480,-415,661,-979,-575,-428,532,-175,673,-697,-689,72,614,-852,502,328,-837,-642,-55,-499,-174,755,124,460,-467,-655,968,-340,611,235,861,-283,422,-874,-303,-19,404,489,64,698,-526,11,730,817,494
B 74 100 494,-808,-79,-348,-137,538,653,624,-372,351,728,-960,-495,-966,699,868,343,792,-764,-907,142,-298,755,954,380,-345,-789,921,754,-341,-897,677,141,584,-537,830,739,818,201,807,609,548,-355,332,820,-854,536,-549,-335,346,-80,684,-695,493,-613,830,-424,623,941,-365,-994,-796,-330,-131,391,355,-59,-491,588,-517,-383,-654,-449,749,164,867,572,-747,907,-916,966,-932,-304,770,-664,947,887,897,-802,819,-302,-673,-494,507,-480,-543,295,-234,719,-74
B 75 100 199,245,733,-942,-244,625,-68,621,-426,757,135,160,202,-65,-719,-126,392,753,237,-672,-732,-549,192,-840,883,-623,765,-636,-105,-993,758,-438,-469,-106,356,866,-837,827,-899,198,51,950,-61,46,339,-332,731,367,-429,-274,-632,-583,-268,-757,711,-180,28,496,-32,-506,-280,534,-732,-105,717,-67,-87,-755,325,-961,-546,435,-902,-162,-295,-188,-268,-860,264,-144,-880,-758,878,648,-856,193,660,136,308,986,895,508,-468,5,251,138,-828,412,-96,692
B 76 100 -432,-924,60,-208,-352,746,450,-679,832,-411,-725,670,-147,980,9,568,-595,-926,662,699,727,-508,-169,-997,-730,322,-253,544,307,-328,-452,-824,-519,923,71,-96,201,-9,-777,-874,-381,993,532,-235,-252,701,-958,660,386,-973,458,-167,-481,-665,-741,-548,505,16,-252,133,346,-385,-238,637,-297,985,-412,-357,-193,574,968,-309,354,434,-969,-308,-837,567,-629,-302,-634,-67,498,-536,-618,-118,896,178,143,-318,230,973,168,-753,-270,-976,129,670,-70,-273
B 77 100 948,-871,-151,-356,-771,861,-72,-980,632,289,-779,673,515,-560,786,-633,125,-654,254,-56,-833,794,22,870,-30,19,-170,804,-836,781,-813,-505,620,13,690,-82,-978,-869,-808,981,472,605,627,79,-416,-99,258,-586,606,-417,440,348,-24,-213,275,-665,263,-18,-98,84,616,321,46,303,972,-253,865,-316,-450,-314,-198,984,503,-351,773,-68,596,772,-226,-715,-943,-962,-901,437,-545,960,586,846,326,794,595,-839,-555,-877,-525,50,-841,476,435,220
B 78 100 -676,-390,896,-555,-571,-376,238,-645,-482,-685,-778,-165,130,-340,271,943,-744,869,127,88,298,651,575,-955,-607,270,538,-276,-896,-696,418,448,647,-630,-651,-828,989,14,484,312,899,109,198,-502,674,43,-812,-875,338,918,-123,757,620,-942,-503,-519,-773,33,-424,-445,-284,-431,381,-569,-638,-108,-744,-658,205,-439,527,427,378,-819,-266,536,810,719,-283,593,707,-391,739,-124,-115,532,-641,685,728,463,630,-474,886,-595,114,819,730,-437,368,891
B 79 100 -434,-342,743,-866,-240,801,671,114,745,-620,435,408,-7,600,-905,846,-944,-456,496,481,-667,-568,-360,-200,-323,-722,-550,821,448,553,437,915,-672,-776,176,732,917,-468,-801,371,-805,269,38,988,510,-195,312,-693,70,908,-552,-1000,681,527,648,164,676,-172,-761,23,-740,209,-34,906,903,-49,245,803,-558,540,-498,282,-475,556,-673,-911,537,710,772,-498,610,981,784,-967,-222,-377,-305,-473,111,-809,241,-622,857,-138,802,-235,774,3,328,777
B 80 100 -92,369,-2,-48,425,-706,-959,-294,-651,-279,615,-826,835,-130,168,-884,0,103,544,-438,-69,37,313,668,846,342,606,-62,43,167,901,-636,726,655,-17,-478,298,-100,396,395,836,871,-263,-205,171,-868,770,-532,349,-680,-405,110,-47,-857,555,374,-102,-759,251,-499,-751,88,125,-661,-356,215,-442,592,-36,-789,-429,265,599,-901,-700,790,-214,709,-554,386,918,667,561,613,-890,-662,-984,420,-189,-468,37,-765,-648,-650,380,-452,-560,569,915,452
B 81 100 621,636,925,-258,-311,-466,594,847,-174,769,-214,-308,182,-100,-28,-528,-234,941,-545,198,-220,-466,-760,51,257,164,-469,523,-58,608,-439,-186,699,385,-466,-893,59,717,-472,-203,-981,388,-74,-353,319,-63,-78,-85,908,536,-979,-785,870,-486,330,-235,-854,396,-794,440,-483,50,451,382,982,-928,-96,-775,784,-630,-48,-231,-793,629,-38,567,-390,-574,952,-709,-938,945,146,-53,-853,938,277,-27,274,-635,425,994,433,60,-65,467,78,940,328,-714
B 82 100 686,-516,877,524,985,-109,21,-544,-813,-797,909,712,116,-570,-682,-126,532,-388,100,912,-989,-590,340,-531,636,702,-605,885,-639,-769,-63,123,-365,148,980,-155,291,996,787,-627,644,-147,156,212,479,-691,802,-324,-56,-302,923,-676,-20,-3,-96,-43,-988,-105,-990,201,-243,-352,952,-358,-792,-419,536,428,-875,-417,-32,-866,-836,812,806,268,-684,-920,566,-404,548,-492,-491,871,148,68,-221,-825,166,-691,478,763,199,-280,-725,846,281,990,-511,-954
B 83 100 361,-921,-389,440,56,-14,938,866,595,698,606,235,471,-127,765,36,-466,294,979,468,-986,812,698,-563,988,-737,143,433,-194,-700,707,34,941,-415,831,27,-659,-986,960,349,-237,572,-657,-435,-459,693,-186,850,-628,303,972,-261,-826,424,903,47,90,379,571,-606,-93,-894,550,-310,599,696,-427,-303,-399,971,-471,140,-569,211,-804,-279,209,165,-754,688,18,396,566,428,-263,-532,914,-558,-764,-344,-444,-591,-158,664,-850,316,-819,-165,67,744
B 84 100 -895,-957,908,219,-253,-557,22,502,-177,383,-295,-130,-661,212,-159,-52,932,-794,856,-841,-923,167,-262,-509,-653,-538,-33,433,-879,-83,159,431,560,836,819,-856,202,487,721,736,679,-580,-458,489,859,396,-948,832,867,753,728,-649,-451,466,-378,-502,-305,829,-12,625,-209,531,-338,-368,507,-865,-765,-417,877,-814,894,565,-140,273,40,580,-36,31,-601,270,399,-428,-987,996,-839,-990,-238,907,-292,923,-933,-331,409,809,382,513,293,184,205,79
B 85 100 -238,-213,-805,151,115,-929,577,-802,-552,18,-61,453,-992,811,814,-842,-768,977,142,-185,356,157,580,194,-603,933,346,807,-938,928,242,894,867,940,482,-515,-322,186,234,812,969,-987,-257,-129,-733,477,482,355,220,-739,105,595,-1000,991,-592,-673,-126,831,-306,-286,-132,-301,-543,896,-470,-596,349,-608,-687,-140,-537,701,10,-102,-80,479,889,268,-766,29,-607,3,142,-495,60,-102,169,852,680,-802,463,746,-563,692,-189,-547,203,-496,-464,-894
B 86 100 774,-955,-805,-338,-700,185,-897,-626,-52,-64,-606,765,-119,-645,-868,227,230,-223,218,238,646,145,193,-419,-70,-217,397,359,85,-498,-978,-122,741,-513,-674,-857,281,-317,547,-95,-82,580,-913,-562,-978,-88,-809,999,439,-697,-840,-87,-345,839,543,727,-307,981,865,-830,454,-974,-768,271,-511,238,752,95,-373,-545,435,-214,-596,628,646,-469,440,79,-132,147,915,-649,141,-624,77,-85,-118,-7,205,885,405,516,-365,-477,-841,153,-53,29,749,-609
B 87 100 902,217,-251,-832,-418,514,-647,400,4,911,-894,-537,782,12,-383,-788,262,-607,-329,-752,677,-978,-384,-563,568,-562,465,358,157,-798,434,350,637,538,266,531,-881,-468,-179,952,-9,-58,195,125,526,896,101,-893,-974,267,-781,-772,769,784,-145,912,718,997,-223,-529,248,-510,-595,-103,660,573,-924,-781,986,-867,-241,-557,-31,-67,-418,-443,263,66,-763,624,-759,-162,534,25,237,492,514,521,739,141,598,-943,-856,388,-156,633,458,823,-854,-609
B 88 100 -271,814,680,79,63,-218,667,-259,514,-691,869,942,684,-892,818,-50,192,-397,388,-776,421,568,-396,-354,-942,973,-278,655,541,-617,717,-889,-502,945,221,407,-623,-703,0,-271,707,-253,-372,533,864,56,-654,-152,830,675,-312,-884,244,621,-562,616,635,-546,307,-17,529,951,-644,480,952,-879,796,242,631,462,-586,-271,-749,-5,-2,354,335,-750,-580,272,102,839,748,-192,318,-535,575,882,80,375,842,-711,210,-92,-729,-741,644,401,-239,668
B 89 100 285,-908,-649,-266,474,871,877,-248,178,-868,-128,-563,-311,-491,-483,-958,-658,-199,635,-763,275,-653,54,-3,912,-640,798,-925,-894,111,-456,-939,417,662,787,398,-731,-336,-200,848,191,-911,302,347,-365,48,553,-573,993,-608,-244,410,45,-543,179,-493,-503,-352,-267,667,434,-305,-647,242,888,-867,546,406,176,526,307,486,-487,-412,878,-170,-400,-760,-280,-26,-370,-523,541,-605,-42,-521,598,-64,296,793,504,697,317,-203,-697,856,402,301,-41,73
B 90 100 743,-982,989,660,-913,262,-189,538,450,806,-719,-572,-645,-100,-571,821,571,394,524,-493,-768,-835,789,755,14,298,996,-821,-588,-294,532,-187,-424,-257,94,41,120,-303,-611,862,20,209,576,715,-930,670,-740,-184,81,634,-343,488,-599,476,130,-307,-495,-470,-262,-165,-611,-448,-202,584,-727,-60,582,896,903,-859,671,-681,58,332,762,543,-617,-520,-430,12,-666,692,-554,-585,653,-660,373,744,255,934,-501,-612,141,855,121,697,384,-33,-317,-97
B 91 100 228,220,999,849,23,389,-1000,-964,150,690,193,-317,469,-73,-384,-168,562,114,-46,-826,666,796,-700,-350,-389,347,-832,-54,691,-424,-89,-689,-582,-293,-390,-574,-811,816,117,221,-276,944,23,-571,226,-362,447,807,-47,696,549,-683,-149,-140,899,-721,375,101,326,-910,-112,-381,-233,-231,-559,-929,-414,783,-597,985,-950,-514,-141,881,288,320,310,193,-780,-996,-477,873,929,-148,-103,-65,-809,756,938,-184,-195,-147,-906,-332,-4,-825,974,377,464,692
B 92 100 115,-373,176,-888,-638,34,-846,-154,-433,629,-192,271,384,-32,-919,163,-839,958,72,-32,-693,546,-759,142,789,-540,289,504,-203,901,-858,-971,701,-180,148,-849,-932,-221,-510,537,878,21,-424,423,-84,-542,-71,523,195,-262,396,807,538,824,351,-535,-925,726,-200,976,-43,398,-517,-511,218,526,260,39,680,-86,151,-192,-803,665,-856,945,-224,-710,455,-483,-701,-77,-582,385,-629,-328,-890,630,-969,450,-699,-656,-239,-266,-804,-909,-407,-848,-341,-14
B 93 100 999,741,-561,-875,-939,-83,-765,-305,-969,-604,519,322,-939,-8,-579,-152,-261,-897,-292,-40,-708,-527,361,56,577,-624,223,-939,635,-251,642,76,981,967,-543,-15,-702,-740,-619,-398,756,-313,400,-244,511,280,-851,-844,241,2,306,27,-113,258,145,-570,570,941,452,-751,-837,-991,-370,-511,-421,610,-61,964,-238,-968,514,-754,-814,-432,-711,-502,244,791,-772,-691,-526,-340,-683,-119,-317,495,615,-159,449,729,528,783,128,-956,387,978,-920,-786,114,493
B 94 100 387,-954,96,843,390,-410,189,-532,-73,-281,759,-803,-639,910,485,-908,705,-266,779,-215,448,-104,340,-744,354,-863,-402,303,75,-629,-298,-634,342,25,-24,-222,488,297,614,-524,-689,341,755,-658,238,-285,739,652,-474,-965,168,14,-272,888,-910,-815,-623,-966,141,588,673,652,-400,-966,929,738,574,199,-172,587,664,329,-94,481,-28,-71,-809,801,205,-479,647,-798,227,16,-607,932,471,903,412,-599,-199,-556,666,923,791,620,-843,606,692,-864
B 95 100 -262,-550,-147,-754,-237,-229,-675,-378,-522,473,64,319,965,-710,414,-655,-671,825,-559,923,334,-135,397,-597,-887,62,-271,900,-268,-106,243,-476,446,-713,-62,569,-526,-544,189,-90,-90,625,-775,786,873,-218,-566,-296,-86,3,-721,603,497,-766,809,-232,564,813,80,218,-285,-64,128,438,-526,536,-566,448,-297,241,671,149,713,612,-743,-760,-732,661,-38,565,887,-308,-666,-391,149,-106,786,97,442,530,-113,79,-841,8,-235,416,-355,-290,-813,914
B 96 100 -743,774,-98,-290,-671,660,-461,-978,984,717,-575,397,448,-132,420,-179,-255,-30,306,-568,769,-507,769,4,-293,120,171,-438,594,-299,465,60,-634,-532,328,-942,-433,-169,312,616,-687,-866,492,-592,779,-76,842,-901,858,-106,-508,644,-790,-592,898,-53,273,723,-954,-157,-958,905,-865,944,-637,26,-883,43,613,190,-842,-423,-454,-368,-66,-23,-305,-931,-141,276,-279,-800,912,415,247,214,109,113,-73,-30,-615,145,70,999,-1000,-304,-169,-537,161,-407
B 97 100 601,535,940,926,-931,-264,829,426,317,-193,538,466,547,46,481,703,-94,-16,617,-250,-972,-685,-509,-920,-982,519,-395,-319,-637,567,-150,-657,627,-790,-874,562,-800,-788,-302,824,-481,895,-82,-826,808,-905,378,192,-358,-678,-883,959,617,-79,-344,-342,-515,106,555,-984,755,779,80,-623,-689,-155,-538,549,-208,853,503,826,655,-538,-492,772,-41,-555,206,-879,20,448,-461,929,-935,92,-112,963,343,485,-541,-274,851,730,700,316,-886,233,-646,-179
B 98 100 199,-203,107,855,-769,-499,808,664,-246,536,976,-837,-550,697,986,550,-717,353,818,816,-646,-667,847,-631,-974,190,565,950,856,-314,227,175,818,-474,-179,-596,480,-482,370,-122,-78,-74,537,371,940,47,182,516,-466,180,333,398,-134,-348,-183,-1000,830,576,-501,-520,-121,934,377,-469,-71,439,-675,-823,338,102,424,600,15,451,-776,738,-908,-634,-13,-924,447,-802,-94,-293,-673,-962,-182,-532,1,-978,404,483,-51,462,910,509,-595,207,732,9
B 99 100 -856,83,-956,-467,-222,842,-195,-876,865,-436,-474,799,-971,295,858,59,210,781,653,-160,359,408,342,-216,372,213,256,843,-630,-598,20,109,-128,75,-735,218,-546,538,739,450,-650,-804,292,465,-599,785,-599,-142,664,395,243,-814,137,381,655,-395,753,114,-422,529,112,979,-810,661,-475,793,514,914,-738,-653,-118,-291,-87,-612,-73,194,101,721,-440,-977,942,-621,339,839,145,878,869,-320,105,-913,-330,-813,-478,-139,-795,77,-127,-27,-362,-83
