24 97
16 93
17 58
36 71
55 84
29 32
47 80
8 9
40 41
5 83
11 14
17 94
58 95
50 91
29 68
61 100
21 64
40 77
33 38
6 84
25 34
44 47
39 81
10 54
2 50
3 15
22 28
54 97
14 24
74 75
12 100
13 65
32 78
4 96
51 91
16 70
35 83
36 48
55 61
96 99
1 90
88 95
47 57
15 25
7 21
59 68
46 98
70 77
17 71
36 84
77 85
28 80
69 81
29 45
21 41
80 90
40 54
5 96
10 31
42 100
2 27
62 78
81 91
54 74
73 87
39 94
12 77
31 90
32 55
23 86
51 68
3 28
43 64
35 60
14 37
1 67
66 84
32 91
24 87
65 88
16 83
17 48
35 96
36 61
9 44
28 57
68 93
47 70
5 73
6 38
58 85
77 98
50 81
9 80
69 94
21 54
8 84
27 97
19 93
11 89
39 71
10 44
2 40
3 5
62 91
54 87
20 94
13 55
4 86
32 68
51 81
24 64
64 100
43 77
17 25
35 73
36 38
28 34
1 80
7 11
47 47
5 50
46 88
38 84
57 97
58 62
17 61
49 93
50 58
69 71
15 100
61 67
21 31
7 96
40 44
80 80
6 51
39 48
58 98
30 79
50 94
91 95
10 21
2 17
62 68
54 64
94 100
73 77
20 71
39 84
12 67
13 32
31 80
32 45
4 63
51 58
23 76
24 41
3 18
16 37
43 54
1 57
87 97
34 91
13 68
4 99
45 100
5 27
65 78
37 96
17 38
57 74
36 51
9 34
76 87
68 83
28 47
88 98
26 86
6 28
58 75
69 84
42 67
61 80
80 93
8 74
27 87
19 83
20 48
11 79
30 92
31 57
23 53
2 30
75 100
1 34
12 80
53 81
23 89
64 90
16 50
56 86
35 63
9 11
22 93
1 70
46 78
5 40
65 91
38 74
57 87
76 100
9 47
49 83
68 96
42 44
15 90
21 21
8 51
26 99
18 95
19 60
11 56
30 69
31 34
10 11
42 80
2 7
19 96
60 97
20 61
12 57
13 22
31 70
4 53
32 35
23 66
24 31
43 44
16 27
35 40
1 47
87 87
53 94
45 90
5 17
37 86
38 51
56 99
57 64
17 28
76 77
49 60
9 24
28 37
3 93
68 73
15 67
26 76
27 41
6 18
18 72
58 65
30 46
50 61
90 97
42 57
82 93
61 70
7 99
8 64
48 100
27 77
19 73
20 38
11 69
39 51
30 82
31 47
4 30
12 34
23 43
83 94
75 90
41 97
1 24
34 58
25 89
13 35
72 84
4 66
45 67
24 44
37 63
53 71
56 76
3 70
22 83
34 94
26 53
5 30
46 68
37 99
78 100
38 64
57 77
49 73
15 80
7 76
8 41
26 89
27 54
18 85
19 50
11 46
30 59
71 97
63 93
29 100
21 96
41 74
60 87
20 51
52 83
4 43
10 86
16 17
22 60
1 37
34 71
45 80
37 76
38 41
56 89
3 83
9 14
22 96
14 92
7 53
27 31
59 100
19 27
18 62
30 36
71 74
50 51
63 70
42 47
82 83
29 77
8 54
48 90
40 86
19 63
60 64
39 41
11 59
52 60
31 37
4 20
12 24
23 33
83 84
75 80
41 87
1 14
33 83
52 96
25 79
53 61
44 92
45 57
72 74
64 70
37 53
10 99
56 66
16 30
2 95
22 73
14 69
15 34
67 81
26 43
86 94
18 39
46 58
38 54
78 90
70 86
89 99
49 63
36 93
15 70
7 66
48 67
27 44
19 40
30 49
63 83
29 90
21 86
40 99
41 64
60 77
33 60
52 73
12 37
25 56
44 69
4 33
10 76
22 50
25 92
66 93
45 70
37 66
32 100
3 73
14 82
15 47
55 83
47 79
7 43
26 56
59 90
11 13
70 99
17 93
9 89
29 67
8 44
48 80
21 63
40 76
41 41
6 83
11 49
4 10
44 46
23 23
10 53
21 99
62 100
41 77
54 96
1 4
33 73
34 38
74 74
25 69
44 82
45 47
37 43
10 89
51 90
56 56
2 85
43 86
22 63
7 20
67 71
26 33
13 100
59 67
18 29
78 80
70 76
89 89
17 70
55 96
7 56
8 21
48 57
47 92
19 30
11 26
92 100
6 60
29 80
21 76
40 89
41 54
81 90
60 67
73 86
6 96
33 50
25 46
52 63
44 59
10 66
2 62
3 27
22 40
14 36
34 51
74 87
93 100
66 83
85 96
13 77
32 90
37 56
43 99
16 82
3 63
35 95
36 60
55 73
7 33
67 84
26 46
59 80
18 42
70 89
17 83
9 79
77 97
28 92
48 70
40 66
6 73
10 43
2 39
73 99
25 59
20 93
12 89
32 67
23 98
2 75
43 76
22 53
35 72
1 79
7 10
66 96
13 90
18 19
24 99
65 100
17 60
36 73
55 86
29 34
47 82
8 11
40 43
5 85
11 16
6 50
58 97
9 92
29 70
42 89
21 66
62 67
41 44
8 96
73 76
33 40
25 36
44 49
39 83
31 79
10 56
51 57
2 52
3 17
22 30
95 100
14 26
74 77
66 73
85 86
13 67
4 98
32 80
51 93
43 89
16 72
36 50
55 63
7 23
88 97
46 100
5 62
17 73
58 74
9 69
77 87
28 82
29 47
61 79
21 43
40 56
80 92
27 86
6 63
30 91
10 33
2 29
62 80
81 93
54 76
73 89
20 83
39 96
31 92
32 57
51 70
24 53
23 88
43 66
3 30
35 62
1 69
13 80
24 89
65 90
16 85
17 50
36 63
76 99
68 95
28 59
47 72
5 75
6 40
58 87
77 100
50 83
69 96
42 79
2 6
61 92
8 86
27 99
25 26
20 60
39 73
11 91
31 69
32 34
23 65
2 42
3 7
35 39
54 89
14 16
20 96
12 92
13 57
53 93
24 66
43 79
16 62
17 27
35 75
36 40
9 23
1 82
47 49
46 90
6 17
38 86
57 99
49 95
29 37
61 69
21 33
7 98
27 76
39 50
30 81
31 46
50 96
91 97
42 92
83 93
2 19
62 70
8 99
20 73
39 86
12 69
13 34
31 82
32 47
51 60
24 43
23 78
84 94
16 39
35 52
1 59
87 99
34 93
5 29
46 67
65 80
37 98
16 75
17 40
57 76
76 89
49 72
9 36
68 85
28 49
15 79
26 88
6 30
18 84
38 99
50 73
69 86
42 69
27 89
19 85
20 50
39 63
11 81
30 94
12 46
4 42
31 59
23 55
1 36
12 82
13 47
72 96
45 79
4 78
24 56
64 92
56 88
16 52
17 17
22 95
14 91
46 80
6 7
65 93
38 76
57 89
68 98
15 92
7 88
8 53
27 66
18 97
19 62
20 27
11 58
39 40
30 71
31 36
10 13
23 32
83 83
2 9
75 79
8 89
41 86
60 99
20 63
11 94
52 95
53 60
12 59
72 73
44 91
32 37
64 69
24 33
10 98
16 29
4 55
35 42
23 68
43 46
84 84
87 89
1 49
34 83
53 96
45 92
5 19
65 70
38 53
57 66
17 30
76 79
9 26
3 95
49 62
68 75
15 69
7 65
27 43
18 74
6 20
79 90
30 48
71 86
90 99
82 95
42 59
8 66
40 98
19 75
39 53
12 36
11 71
31 49
4 32
23 45
83 96
75 92
41 99
1 26
33 95
34 60
25 91
53 73
72 86
45 69
64 82
37 65
16 42
14 81
15 46
26 55
67 93
46 70
18 51
5 32
38 66
70 98
49 75
15 82
8 43
26 91
27 56
46 64
18 87
19 52
12 13
71 99
30 61
63 95
21 98
41 76
1 3
60 89
33 72
52 85
13 14
25 68
4 45
45 46
12 49
44 81
10 88
16 19
22 62
1 39
14 58
34 73
45 82
46 47
5 9
78 79
3 85
49 52
9 16
22 98
15 59
55 95
7 55
26 68
27 33
18 64
19 29
79 80
30 38
71 76
63 72
82 85
42 49
29 79
48 92
8 56
40 88
41 53
20 30
60 66
11 61
6 95
12 26
31 39
4 22
44 58
23 35
52 62
10 65
75 82
41 89
1 16
33 85
34 50
74 86
53 63
25 81
44 94
85 95
45 59
64 72
56 68
2 97
3 62
22 75
14 71
15 36
7 32
67 83
26 45
59 79
38 56
70 88
36 95
28 91
7 68
8 33
48 69
27 46
40 65
19 42
11 38
6 72
71 89
30 51
63 85
29 92
21 88
60 79
33 62
52 75
25 58
44 71
10 78
2 74
3 39
22 52
14 48
74 99
34 63
66 95
37 68
24 98
3 75
36 72
15 49
55 85
47 81
7 45
67 96
26 58
8 10
18 54
59 92
11 15
17 95
9 91
29 69
48 82
21 65
40 78
41 43
33 39
6 85
12 16
52 52
44 48
10 55
22 29
1 6
54 98
34 40
74 76
25 71
66 72
53 53
45 49
32 79
37 45
56 58
51 92
2 87
3 52
43 88
22 65
35 84
14 61
55 62
96 100
15 26
7 22
67 73
26 35
18 31
78 82
70 78
89 91
17 72
36 85
9 68
55 98
28 81
29 46
47 94
48 59
40 55
29 82
21 78
62 79
41 56
81 92
33 52
73 88
52 65
25 48
44 61
39 95
51 69
3 29
22 42
74 89
66 85
85 98
32 92
16 84
35 97
55 75
15 39
47 71
18 44
5 74
58 86
9 81
28 94
69 95
48 72
40 68
6 75
25 25
2 41
3 6
62 92
54 88
14 15
25 61
12 91
32 69
4 87
23 100
24 65
3 42
35 74
14 51
15 16
7 12
47 48
13 92
18 21
16 97
57 98
17 62
9 58
28 71
47 84
48 49
40 45
80 81
92 92
6 52
58 99
10 22
42 91
21 68
81 82
54 65
8 98
33 42
73 78
20 72
25 38
31 81
10 58
51 59
2 54
43 55
84 93
22 32
3 19
14 28
74 79
66 75
13 69
4 100
32 82
24 78
43 91
16 74
17 39
35 87
76 88
36 52
28 48
47 61
88 99
5 64
6 29
17 75
77 89
50 72
29 49
61 81
40 58
80 94
27 88
6 65
19 84
39 62
30 93
10 35
2 31
62 82
54 78
73 91
20 85
39 98
12 81
13 46
31 94
4 77
32 59
72 95
24 55
51 72
23 90
1 71
46 79
5 41
16 87
57 88
17 52
9 48
28 61
68 97
15 91
21 22
26 100
5 77
18 96
6 42
58 89
50 85
10 12
69 98
42 81
61 94
8 88
54 55
19 97
20 62
25 28
11 93
12 58
31 71
23 67
43 45
35 41
14 18
12 94
53 95
32 72
45 91
65 69
16 64
17 29
35 77
36 42
9 25
76 78
68 74
1 84
88 89
47 51
28 38
5 54
46 92
6 19
38 88
58 66
77 79
9 61
50 62
69 75
49 97
61 71
21 35
7 100
8 65
80 84
27 78
19 74
20 39
11 70
30 83
31 48
91 99
10 25
42 94
2 21
75 91
54 68
20 75
12 71
13 36
72 85
64 81
24 45
43 58
16 41
1 61
46 69
5 31
37 100
38 65
57 78
17 42
76 91
9 38
68 87
15 81
7 77
26 90
27 55
18 86
6 32
30 60
50 75
42 71
61 84
8 78
27 91
19 87
60 88
20 52
39 65
11 83
30 96
31 61
4 44
23 57
1 38
13 49
53 85
4 80
45 81
72 98
5 8
37 77
16 54
17 19
3 84
9 15
14 93
5 44
6 9
38 78
57 91
49 87
42 48
7 90
27 68
19 64
20 29
11 60
12 25
30 73
31 38
23 34
2 11
83 85
41 88
1 15
33 84
12 61
52 97
53 62
4 57
32 39
13 26
24 35
44 93
10 100
56 67
16 31
2 96
35 44
22 74
1 51
87 91
34 85
46 59
86 95
65 72
37 90
57 68
3 97
49 64
89 100
9 28
68 77
15 71
7 67
8 32
18 76
19 41
79 92
11 37
71 88
30 50
63 84
42 61
82 97
29 91
8 68
40 100
12 38
52 74
31 51
4 34
83 98
1 28
33 97
34 62
25 93
53 75
45 71
64 84
37 67
56 80
3 74
22 87
14 83
15 48
7 44
26 57
67 95
18 53
59 91
38 68
70 100
7 80
8 45
27 58
19 54
12 15
4 11
63 97
23 24
21 100
41 78
1 5
60 91
33 74
34 39
52 87
13 16
25 70
44 83
4 47
37 44
10 90
16 21
2 86
3 51
22 64
14 60
34 75
26 34
67 72
46 49
37 80
38 45
78 81
57 58
49 54
89 90
14 96
15 61
7 57
8 22
26 70
27 35
47 93
18 66
19 31
79 82
11 27
71 78
30 40
90 91
63 74
82 87
29 81
48 94
21 77
40 90
41 55
60 68
33 51
6 97
12 28
52 64
44 60
4 24
23 37
10 67
1 18
33 87
25 83
53 65
44 96
85 97
45 61
56 70
2 99
43 100
3 64
22 77
14 73
55 74
7 34
67 85
26 47
59 81
78 94
70 90
17 84
36 97
28 93
29 58
8 35
48 71
40 67
19 44
6 74
11 40
63 87
29 94
41 68
33 64
25 60
44 73
2 76
3 41
22 54
66 97
13 91
18 20
24 100
16 96
36 74
15 51
55 87
7 47
8 12
59 94
18 56
11 17
17 97
63 64
9 93
29 71
48 84
21 67
40 80
41 45
81 81
33 41
6 87
52 54
25 37
44 50
4 14
10 57
2 53
22 31
14 27
34 42
74 78
25 73
66 74
45 51
85 87
32 81
51 94
24 77
43 90
3 54
35 86
14 63
55 64
15 28
7 24
26 37
67 75
59 71
18 33
78 84
17 74
9 70
28 83
29 48
47 96
48 61
40 57
5 99
11 30
6 64
10 34
21 80
62 81
81 94
54 77
25 50
44 63
39 97
31 93
10 70
51 71
2 66
43 67
3 31
22 44
14 40
74 91
66 87
13 81
32 94
24 90
16 86
35 99
36 64
55 77
28 60
47 73
5 76
6 41
58 88
9 83
50 84
69 97
61 93
21 57
40 70
27 100
6 77
25 27
39 74
10 47
3 8
62 94
54 90
14 17
12 93
13 58
32 71
51 84
43 80
35 76
36 41
15 18
1 83
88 88
7 14
13 94
59 61
46 91
5 53
16 99
17 64
57 100
36 77
9 60
49 96
28 73
69 74
29 38
48 51
77 78
21 34
80 83
6 54
50 97
10 24
42 93
2 20
81 84
8 100
54 67
73 80
33 44
20 74
39 87
12 70
31 83
32 48
51 61
23 79
2 56
43 57
3 21
84 95
35 53
1 60
87 100
66 77
13 71
32 84
24 80
65 81
16 76
17 41
35 89
36 54
76 90
55 67
28 50
1 96
68 86
47 63
9 37
5 66
38 100
58 78
9 73
29 51
69 87
21 47
80 96
8 77
27 90
19 86
11 82
39 64
31 60
10 37
2 33
54 80
20 87
12 83
13 48
31 96
4 79
32 61
51 74
23 92
72 97
43 70
16 53
17 18
35 66
24 57
1 73
5 43
46 81
6 8
65 94
57 90
17 54
9 50
49 86
28 63
68 99
15 93
21 24
7 89
18 98
6 44
58 91
30 72
50 87
42 83
2 10
61 96
8 90
54 57
19 99
60 100
11 95
12 60
39 77
31 73
4 56
32 38
23 69
84 85
43 47
35 43
87 90
1 50
34 84
13 61
53 97
45 93
5 20
24 70
37 89
65 71
16 66
17 31
57 67
3 96
36 44
28 40
68 76
5 56
46 94
6 21
38 90
77 81
90 100
42 60
61 73
80 86
8 67
27 80
39 54
30 85
31 50
23 46
54 70
41 100
1 27
20 77
33 96
12 73
53 74
13 38
32 51
4 69
23 82
24 47
72 87
84 98
16 43
35 56
22 86
1 63
46 71
5 33
65 84
38 67
76 93
49 76
9 40
68 89
15 83
7 79
27 57
19 53
71 100
30 62
50 77
63 96
42 73
19 89
20 54
39 67
12 50
13 15
31 63
4 46
16 20
1 40
34 74
53 87
72 100
45 83
5 10
37 79
38 44
56 92
17 21
57 57
3 86
49 53
22 99
14 95
15 60
26 69
46 84
18 65
38 80
79 81
58 58
30 39
49 89
50 54
82 86
15 96
61 63
7 92
48 93
8 57
27 70
19 66
20 31
11 62
12 27
31 40
4 23
23 36
75 83
94 96
41 90
1 17
33 86
52 99
25 82
53 64
72 77
45 60
44 95
4 59
64 73
13 28
56 69
16 33
2 98
22 76
14 72
34 87
45 96
86 97
5 23
37 92
38 57
46 61
57 70
3 99
68 79
27 47
18 78
79 94
11 39
63 86
82 99
29 93
21 89
41 67
60 80
11 75
4 36
44 72
23 49
10 79
75 96
1 30
33 99
74 100
34 64
25 95
53 77
37 69
56 82
22 89
14 85
15 50
7 46
26 59
67 97
59 93
18 55
19 20
17 96
7 82
8 47
48 83
40 79
19 56
11 52
12 17
52 53
6 86
4 13
63 99
23 26
41 80
1 7
60 93
34 41
52 89
53 54
25 72
44 85
45 50
13 18
37 46
10 92
16 23
2 88
22 66
14 62
15 27
67 74
26 36
5 13
18 32
86 87
78 83
38 47
3 89
49 56
15 63
55 99
8 24
18 68
19 33
79 84
11 29
5 98
30 42
71 80
63 76
82 89
48 96
21 79
40 92
41 57
60 70
33 53
6 99
12 30
25 49
52 66
4 26
44 62
10 69
2 65
22 43
1 20
33 89
74 90
34 54
25 85
66 86
85 99
45 63
32 93
37 59
3 66
35 98
14 75
55 76
7 36
67 87
26 49
18 45
59 83
78 96
70 92
17 86
36 99
9 82
28 95
29 60
48 73
8 37
21 56
40 69
6 76
10 46
29 96
21 92
41 70
33 66
44 75
10 82
51 83
3 43
22 56
14 52
15 17
7 13
66 99
26 26
13 93
18 22
59 60
16 98
36 76
55 89
28 72
7 49
48 50
8 14
27 27
47 85
40 46
19 23
5 88
11 19
92 93
30 32
6 53
17 99
58 100
9 95
21 69
40 82
41 47
81 83
60 60
73 79
6 89
33 43
25 39
52 56
4 16
10 59
2 55
3 20
14 29
74 80
34 44
66 76
85 89
13 70
32 83
37 49
51 96
24 79
43 92
3 56
35 88
36 53
55 66
15 30
1 95
88 100
47 62
26 39
67 77
7 26
18 35
70 82
17 76
36 89
9 72
48 63
21 46
80 95
40 59
6 66
10 36
2 32
81 96
54 79
73 92
33 56
20 86
25 52
39 99
31 95
51 73
23 91
43 69
22 46
14 42
1 72
66 89
13 83
32 96
24 92
17 53
36 66
55 79
28 62
47 75
5 78
58 90
9 85
29 63
42 82
69 99
61 95
21 59
19 98
25 29
39 76
31 72
10 49
2 45
62 96
54 92
14 19
20 99
12 95
13 60
32 73
24 69
43 82
35 78
36 43
55 56
28 39
47 52
88 90
7 16
99 99
59 63
5 55
46 93
38 89
17 66
58 67
49 98
9 62
28 75
29 40
77 80
48 53
21 36
61 72
80 85
6 56
92 96
30 84
50 99
10 26
91 100
42 95
2 22
62 73
54 69
73 82
25 42
39 89
12 72
32 50
51 63
24 46
23 81
43 59
3 23
35 55
14 32
1 62
13 73
24 82
65 83
57 79
17 43
36 56
9 39
76 92
28 52
68 88
5 68
6 33
58 80
77 93
50 76
69 89
61 85
21 49
80 98
8 79
27 92
19 88
20 53
11 84
39 66
30 97
31 62
10 39
54 82
12 85
13 50
53 86
4 81
32 63
23 94
24 59
64 95
43 72
72 99
17 20
35 68
28 29
1 75
5 45
6 10
65 96
38 79
46 83
57 92
17 56
49 88
21 26
61 62
27 69
18 100
19 65
6 46
39 43
30 74
50 89
10 16
42 85
62 63
8 92
94 95
11 97
52 98
39 79
31 75
4 58
32 40
51 53
12 62
13 27
84 87
24 36
72 76
35 45
1 52
34 86
13 63
53 99
45 95
5 22
65 73
37 91
16 68
57 69
17 33
76 82
9 29
49 65
3 98
28 42
68 78
15 72
26 81
5 58
18 77
6 23
38 92
79 93
58 70
50 66
69 79
42 62
82 98
61 75
8 69
27 82
19 78
20 43
39 56
12 39
30 87
31 52
11 74
23 48
83 99
75 95
12 75
53 76
13 40
4 71
72 89
45 72
64 85
24 49
16 45
56 81
22 88
14 84
34 99
57 82
15 85
7 81
8 46
26 94
27 59
18 90
20 20
11 51
30 64
63 98
42 75
8 82
20 56
60 92
12 52
13 17
52 88
44 84
4 48
23 61
10 91
16 22
35 35
1 42
34 76
53 89
45 85
64 98
37 81
56 94
57 59
17 23
3 88
49 55
9 19
68 68
14 97
15 62
7 58
26 71
27 36
6 13
19 32
38 82
79 83
30 41
71 79
90 92
50 56
82 88
7 94
48 95
8 59
27 72
40 91
19 68
60 69
20 33
11 64
39 46
6 98
30 77
4 25
91 93
23 38
83 89
75 85
94 98
41 92
1 19
33 88
34 53
25 84
13 30
4 61
72 79
45 62
64 75
37 58
44 97
16 35
53 66
2 100
56 71
22 78
14 74
34 89
26 48
46 63
5 25
37 94
78 95
38 59
57 72
70 91
36 98
15 75
7 71
8 36
26 84
27 49
18 80
19 45
79 96
11 41
71 92
30 54
21 91
41 69
60 82
33 65
52 78
4 38
44 74
10 81
2 77
22 55
1 32
34 66
53 79
66 98
45 75
37 71
56 84
3 78
22 91
14 87
55 88
7 48
8 13
67 99
26 61
18 57
19 22
11 18
30 31
17 98
63 65
42 42
29 72
48 85
8 49
41 46
20 23
6 88
52 55
31 32
4 15
23 28
41 82
1 9
33 78
34 43
52 91
53 56
25 74
44 87
85 88
64 65
37 48
10 94
51 95
2 90
3 55
22 68
7 25
67 76
26 38
18 34
59 72
38 49
78 85
97 98
70 81
89 94
36 88
28 84
7 61
8 26
48 62
27 39
19 35
5 100
11 31
30 44
71 82
63 78
82 91
29 85
48 98
21 81
40 94
60 72
52 68
44 64
4 28
10 71
2 67
3 32
22 45
74 92
34 56
66 88
32 95
37 61
24 91
3 68
35 100
15 42
47 74
7 38
26 51
18 47
78 98
70 94
17 88
9 84
28 97
29 62
48 75
21 58
40 71
2 44
21 94
62 95
22 22
33 68
25 64
37 38
10 84
51 85
2 80
43 81
22 58
14 54
55 55
15 19
7 15
26 28
59 62
18 24
16 100
17 65
36 78
55 91
28 74
29 39
47 87
40 48
19 25
92 95
6 55
11 21
9 97
29 75
21 71
62 72
41 49
81 85
73 81
33 45
52 58
25 41
44 54
39 88
10 61
3 22
14 31
66 78
85 91
13 72
32 85
51 98
24 81
43 94
16 77
35 90
36 55
55 68
1 97
47 64
7 28
18 37
59 75
5 67
17 78
77 92
28 87
69 88
29 52
48 65
21 48
80 97
6 68
2 34
62 85
81 98
54 81
73 94
12 84
31 97
32 62
24 58
43 71
3 35
35 67
14 44
1 74
13 85
24 94
65 95
16 90
17 55
36 68
9 51
68 100
29 29
47 77
21 25
5 80
6 45
58 92
50 88
10 15
42 84
61 97
8 91
54 58
33 35
19 100
25 31
39 78
11 96
31 74
10 51
51 52
23 70
2 47
84 86
43 48
22 25
3 12
54 94
14 21
95 95
66 68
13 62
4 93
32 75
24 71
43 84
16 67
17 32
35 80
76 81
96 96
55 58
1 87
88 92
46 95
5 57
38 91
17 68
58 69
49 100
50 65
77 82
69 78
29 42
9 64
21 38
61 74
80 87
27 81
6 58
19 77
39 55
30 86
10 28
42 97
2 24
62 75
54 71
20 78
39 91
12 74
13 39
31 87
4 70
23 83
51 65
3 25
16 44
43 61
35 57
84 99
34 98
46 72
5 34
65 85
16 80
17 45
57 81
36 58
49 77
28 54
15 84
26 93
5 70
6 35
58 82
50 78
42 74
61 87
8 81
27 94
19 90
20 55
39 68
12 51
30 99
31 64
23 60
2 37
1 41
12 87
13 52
53 88
32 65
4 83
45 84
24 61
16 57
56 93
35 70
17 22
9 18
22 100
1 77
46 85
5 47
65 98
6 12
57 94
58 59
49 90
50 55
42 51
15 97
61 64
21 28
7 93
8 58
27 71
19 67
39 45
11 63
30 76
31 41
42 87
2 14
83 88
62 65
75 84
54 61
41 91
20 68
11 99
12 64
13 29
52 100
32 42
72 78
31 77
64 74
23 73
43 51
16 34
35 47
56 100
95 98
1 54
87 94
34 88
45 97
46 62
5 24
37 93
65 75
17 35
57 71
3 100
76 84
9 31
28 44
49 67
15 74
26 83
27 48
18 79
38 94
79 95
71 91
30 53
50 68
42 64
82 100
61 77
8 71
27 84
19 80
20 45
60 81
12 41
30 89
31 54
4 37
23 50
1 31
33 100
34 65
13 42
25 96
72 91
45 74
24 51
37 70
56 83
16 47
3 77
22 90
14 86
26 60
67 98
46 75
5 37
38 71
15 87
7 83
8 48
26 96
27 61
18 92
19 57
20 22
11 53
12 18
30 66
31 31
63 100
23 27
2 4
41 81
1 8
20 58
60 94
33 77
52 90
13 19
53 55
4 50
32 32
23 63
24 28
44 86
16 24
56 60
35 37
2 89
22 67
1 44
34 78
53 91
45 87
86 88
46 52
37 83
38 48
5 14
97 97
57 61
3 90
49 57
89 93
9 21
56 96
14 99
55 100
15 64
7 60
26 73
27 38
18 69
19 34
79 85
98 98
30 43
71 81
90 94
63 77
82 90
42 54
29 84
8 61
48 97
40 93
19 70
60 71
20 35
11 66
12 31
6 100
31 44
4 27
52 67
23 40
83 91
75 87
41 94
1 21
33 90
34 55
25 86
53 68
44 99
85 100
64 77
37 60
56 73
3 67
22 80
14 76
15 41
67 88
26 50
46 65
18 46
59 84
78 97
38 61
70 93
36 100
15 77
28 96
7 73
27 51
18 82
19 47
79 98
11 43
71 94
63 90
21 93
41 71
33 67
52 80
25 63
4 40
44 76
37 37
10 83
2 79
22 57
34 68
25 99
66 100
26 27
45 77
37 73
38 38
3 80
15 54
55 90
7 50
47 86
8 15
26 63
59 97
19 24
18 59
11 20
30 33
17 100
63 67
9 96
29 74
48 87
21 70
40 83
20 25
60 61
6 90
12 21
52 57
4 17
23 30
10 60
75 77
22 34
41 84
33 80
34 45
74 81
53 58
25 76
44 89
85 90
45 54
37 50
10 96
56 63
51 97
2 92
22 70
15 31
7 27
67 78
26 40
86 91
18 36
59 74
78 87
97 100
70 83
89 96
17 77
36 90
28 86
47 99
48 64
8 28
40 60
19 37
11 33
6 67
71 84
63 80
29 87
21 83
41 61
81 97
73 93
52 70
25 53
44 66
39 100
3 34
22 47
13 84
32 97
24 93
36 67
15 44
55 80
7 40
59 87
18 49
5 79
17 90
9 86
28 99
69 100
29 64
48 77
21 60
40 73
33 34
6 80
25 30
4 7
10 50
62 97
22 24
54 93
34 35
20 100
66 67
12 96
37 40
32 74
51 87
43 83
3 47
35 79
15 21
1 86
47 53
7 17
26 30
67 68
13 97
99 100
59 64
18 26
70 73
36 80
9 63
55 93
28 76
29 41
47 89
48 54
21 37
8 18
40 50
5 92
92 97
6 57
11 23
9 99
50 100
42 96
21 73
62 74
81 87
73 83
33 47
39 90
44 56
10 63
2 59
3 24
43 60
22 37
14 33
74 84
66 80
32 87
51 100
24 83
43 96
17 44
35 92
55 70
28 53
1 99
7 30
5 69
6 34
17 80
58 81
77 94
28 89
69 90
29 54
61 86
21 50
40 63
80 99
27 93
30 98
10 40
2 36
62 87
81 100
54 83
73 96
20 90
12 86
13 51
31 99
4 82
32 64
23 95
24 60
51 77
43 73
16 56
3 37
35 69
1 76
7 7
13 87
24 96
65 97
16 92
17 57
57 93
28 66
21 27
40 40
5 82
6 47
50 90
10 17
42 86
61 99
62 64
8 93
33 37
25 33
11 98
12 63
31 76
32 41
51 54
2 49
3 14
43 50
22 27
35 46
84 88
95 97
14 23
87 93
66 70
13 64
53 100
4 95
32 77
24 73
65 74
16 69
17 34
76 83
9 30
96 98
28 43
1 89
88 94
47 56
46 97
5 59
6 24
38 93
58 71
77 84
50 67
9 66
69 80
29 44
21 40
61 76
80 89
8 70
19 79
39 57
31 53
10 30
42 99
83 100
62 77
54 73
20 80
12 76
13 41
31 89
72 90
32 54
23 85
24 50
51 67
43 63
16 46
4 72
35 59
1 66
34 100
5 36
46 74
38 70
17 47
57 83
76 96
9 43
49 79
68 92
15 86
26 95
18 91
6 37
58 84
30 65
50 80
2 3
61 89
8 83
19 92
20 57
11 88
12 53
31 66
4 49
23 62
24 27
3 4
1 43
34 77
13 54
4 85
45 86
64 99
37 82
56 95
57 60
17 24
36 37
9 20
16 59
68 69
28 33
14 98
26 72
5 49
6 14
38 83
57 96
58 61
49 92
90 93
50 57
69 70
15 99
21 30
7 95
8 60
19 69
20 34
11 65
39 47
30 78
31 43
91 94
23 39
83 90
2 16
75 86
54 63
94 99
41 93
20 70
12 66
13 31
53 67
72 80
44 98
4 62
64 76
84 91
16 36
56 72
35 49
87 96
5 26
86 100
37 95
38 60
65 77
57 73
17 37
76 86
49 69
9 33
68 82
15 76
26 85
27 50
18 81
19 46
79 97
30 55
63 89
42 66
8 73
60 83
20 47
39 60
52 79
12 43
31 56
4 39
23 52
1 33
34 67
25 98
53 80
13 44
45 76
72 93
64 89
37 72
16 49
56 85
9 10
22 92
14 88
15 53
67 100
26 62
5 39
59 96
18 58
46 77
49 82
42 43
15 89
7 85
8 50
27 63
20 24
11 55
12 20
30 68
31 33
23 29
75 76
41 83
60 96
12 56
25 75
53 57
4 52
45 53
44 88
64 66
24 30
10 95
16 26
22 69
1 46
14 65
45 89
46 54
86 90
37 85
5 16
38 50
57 63
97 99
3 92
89 95
49 59
68 72
15 66
47 98
8 27
26 75
27 40
19 36
11 32
98 100
30 45
71 83
90 96
63 79
42 56
82 92
48 99
21 82
8 63
40 95
20 37
11 68
52 69
4 29
23 42
10 72
75 89
1 23
53 70
25 88
45 66
64 79
37 62
56 75
3 69
22 82
14 78
7 39
26 52
67 90
18 48
59 86
38 63
70 95
17 89
28 98
7 75
48 76
8 40
27 53
40 72
19 49
11 45
30 58
71 96
4 6
29 99
41 73
60 86
34 34
52 82
25 65
37 39
10 85
22 59
14 55
15 20
34 70
67 67
26 29
13 96
5 6
37 75
38 40
18 25
70 72
3 82
49 49
36 79
55 92
47 88
8 17
26 65
7 52
27 30
18 61
19 26
59 99
100 100
11 22
5 91
30 35
63 69
82 82
29 76
48 89
41 50
60 63
33 46
6 92
4 19
2 58
22 36
1 13
33 82
34 47
25 78
93 96
45 56
85 92
32 86
56 65
51 99
3 59
43 95
22 72
35 91
14 68
15 33
55 69
7 29
26 42
67 80
86 93
18 38
59 76
78 89
70 85
17 79
36 92
9 75
28 88
29 53
48 66
8 30
40 62
6 69
41 63
81 99
33 59
73 95
52 72
25 55
44 68
31 98
10 75
51 76
22 49
14 45
74 96
66 92
13 86
32 99
24 95
16 91
36 69
28 65
7 42
59 89
5 81
11 12
58 93
9 88
29 66
48 79
61 98
21 62
33 36
25 32
44 45
4 9
10 52
2 48
3 13
62 99
22 26
54 95
14 22
34 37
66 69
12 98
4 94
37 42
51 89
24 72
32 76
3 49
43 85
35 81
36 46
15 23
55 59
1 88
7 19
47 55
96 97
88 93
13 99
18 28
59 66
67 70
26 32
70 75
77 83
9 65
47 91
48 56
40 52
5 94
10 29
42 98
62 76
81 89
54 72
73 85
33 49
20 79
25 45
39 92
32 53
51 66
23 84
2 61
84 100
43 62
22 39
66 82
13 76
24 85
43 98
16 81
17 46
35 94
76 95
36 59
55 72
28 55
9 42
47 68
5 71
6 36
17 82
58 83
77 96
50 79
69 92
29 56
21 52
61 88
27 95
19 91
39 69
30 100
10 42
2 38
62 89
54 85
73 98
20 92
12 88
13 53
32 66
4 84
23 97
24 62
51 79
43 75
16 58
35 71
36 36
28 32
7 9
13 89
18 18
46 86
5 48
16 94
57 95
17 59
58 60
9 55
49 91
28 68
29 33
69 69
21 29
61 65
40 42
58 96
50 92
10 19
2 15
62 66
8 95
73 75
20 69
25 35
39 82
11 100
12 65
31 78
23 74
24 39
3 16
14 25
1 55
13 66
4 97
45 98
24 75
65 76
16 71
17 36
36 49
76 85
9 32
68 81
28 45
88 96
47 58
46 99
6 26
58 73
77 86
50 69
69 82
42 65
61 78
21 42
80 91
8 72
27 85
19 81
20 46
39 59
11 77
31 55
10 32
2 28
54 75
20 82
12 78
13 43
4 74
32 56
72 92
24 52
64 88
23 87
16 48
43 65
35 61
1 68
5 38
46 76
65 89
38 72
57 85
76 98
9 45
15 88
7 84
26 97
27 62
6 39
19 58
18 93
30 67
50 82
2 5
8 85
27 98
19 94
60 95
11 90
39 72
12 55
31 68
32 33
4 51
23 64
24 29
16 25
35 38
34 79
13 56
53 92
45 88
46 53
5 15
65 66
37 84
16 61
56 97
57 62
3 91
49 58
9 22
68 71
28 35
14 100
15 65
17 26
26 74
5 51
6 16
18 70
38 85
46 89
79 86
58 63
98 99
49 94
90 95
69 72
42 55
61 68
7 97
27 75
19 71
11 67
30 80
31 45
91 96
23 41
83 92
2 18
41 95
1 22
33 91
12 68
53 69
13 33
44 100
32 46
45 65
64 78
24 42
72 82
16 38
56 74
35 51
22 81
34 92
5 28
46 66
37 97
38 62
65 79
57 75
49 71
9 35
68 84
15 78
7 74
8 39
27 52
18 83
19 48
79 99
11 44
63 91
42 68
29 98
8 75
41 72
20 49
60 85
11 80
52 81
31 58
44 77
4 41
23 54
25 100
53 82
45 78
5 5
64 91
37 74
38 39
56 87
3 81
22 94
14 90
15 55
7 51
27 29
6 6
18 60
38 75
59 98
30 34
71 72
42 45
8 52
48 88
27 65
40 84
19 61
11 57
12 22
30 70
31 35
4 18
23 31
75 78
41 85
1 12
60 98
33 81
34 46
52 94
53 59
93 95
44 90
4 54
25 77
45 55
16 28
56 64
2 93
22 71
14 67
34 82
67 79
26 41
5 18
46 56
37 87
38 52
57 65
70 84
3 94
89 97
49 61
36 91
15 68
47 100
8 29
26 77
18 73
19 38
71 85
30 47
90 98
63 81
82 94
29 88
21 84
41 62
60 75
33 58
52 71
44 67
23 44
10 74
2 70
22 48
1 25
33 94
74 95
34 59
53 72
25 90
66 91
37 64
56 77
3 71
22 84
15 45
7 41
26 54
67 92
59 88
18 50
70 97
9 87
28 100
29 65
48 78
8 42
40 74
19 51
6 81
11 47
12 12
4 8
63 94
21 97
62 98
41 75
1 2
33 71
34 36
25 67
44 80
45 45
37 41
10 87
51 88
2 83
22 61
14 57
15 22
67 69
26 31
18 27
59 65
70 74
36 81
15 58
28 77
55 94
47 90
48 55
18 63
19 28
5 93
92 98
30 37
71 75
63 71
82 84
9 100
29 78
48 91
40 87
41 52
6 94
52 61
25 44
4 21
44 57
10 64
2 60
22 38
74 85
66 81
45 58
85 94
32 88
37 54
24 84
3 61
43 97
35 93
14 70
15 35
55 71
1 100
7 31
47 67
67 82
26 44
59 78
18 40
78 91
70 87
17 81
36 94
9 77
77 95
28 90
29 55
48 68
21 51
80 100
40 64
6 71
21 87
41 65
54 84
33 61
25 57
20 91
31 100
10 77
51 78
23 96
43 74
3 38
22 51
14 47
74 98
7 8
66 94
